id,charged_off
57146,0
20988,1
10031,0
33892,0
35374,0
54509,0
27804,0
17725,0
49577,0
55438,1
21517,1
45624,0
14200,1
21029,0
35752,0
48585,0
39464,0
22756,1
21560,0
43488,0
38218,0
18564,0
34114,0
36173,1
42852,0
46995,0
36674,0
27144,0
17822,0
11861,0
33312,0
48008,0
34765,0
49172,1
56838,0
24169,0
35650,1
48147,0
11614,0
48056,0
35409,0
51379,0
38143,1
24679,0
51451,0
36640,0
28535,0
34436,0
20923,0
29851,0
50234,0
24823,0
41103,0
16946,0
54791,0
53627,0
49481,1
55919,0
46390,0
55939,0
14163,1
23691,0
32915,0
39358,0
21380,0
39149,0
38419,0
29413,0
43495,0
25592,0
30935,0
37372,0
15078,0
38067,0
36939,0
49816,0
20462,0
21135,1
22566,0
54585,0
44573,0
12587,0
32262,0
26578,0
47292,0
12199,0
39890,0
38688,0
34620,0
10413,0
10449,0
37895,0
52124,0
30877,0
14079,0
55102,0
46726,0
32822,0
42783,0
54630,0
22081,0
34797,0
42564,0
32214,0
36425,0
53927,0
41148,0
13557,0
47917,1
56087,0
40835,0
15095,0
23257,0
41863,0
36983,0
44548,0
29481,1
12218,0
43586,0
46051,0
25355,0
11276,0
23440,0
42261,0
28272,0
42505,1
55182,0
16451,0
53124,0
15088,1
36084,0
39315,1
39733,1
49374,0
11003,0
31731,0
52380,0
27912,0
52025,0
48101,0
32891,0
56881,0
24898,0
37867,0
47363,0
40046,0
14360,0
57097,0
53884,0
24529,0
54543,0
53954,0
43567,0
55028,0
23456,0
35932,0
48127,0
29155,1
55598,0
41086,0
33345,1
50574,0
40438,0
42811,0
31816,0
20039,0
54807,0
21057,0
28820,0
22086,1
38065,0
12848,0
25886,0
16620,0
52164,0
39627,0
17471,0
40332,0
51984,0
29046,0
35993,0
38346,0
49547,0
46882,1
49155,0
51837,0
11841,0
13766,0
19040,0
42678,1
31571,0
43038,0
54998,0
45937,0
50736,0
49575,0
14056,1
28255,0
23652,1
45773,0
24090,0
14317,0
49584,0
54418,0
47141,0
18548,0
26493,0
19442,0
47283,1
30224,0
34525,1
48336,1
29986,0
43144,0
55745,0
13094,0
31460,0
42165,0
16425,0
27519,0
54169,0
16285,1
37026,0
31118,0
55994,0
20044,0
54277,0
45389,1
48819,1
36088,0
31764,0
22865,0
34519,0
11186,0
21260,0
45193,0
48219,0
45615,0
13417,0
53114,1
31006,0
40200,0
10594,0
35969,0
44371,0
39240,0
23218,0
40069,0
31656,0
10389,0
40531,0
19582,1
51487,0
39347,0
20482,0
12420,0
50554,1
22115,0
13746,0
37546,1
54028,0
19610,0
50939,0
49592,0
18338,0
49512,0
23488,0
19603,0
49099,0
45540,0
50897,1
56313,0
10382,0
21079,0
30779,0
27024,1
20245,0
19223,0
41091,0
33099,1
34682,0
39971,0
54561,0
35908,0
23732,0
11534,0
53004,0
31451,0
30998,0
20894,0
28703,0
10141,0
17699,0
29761,1
47263,0
17987,1
47868,0
40851,0
23844,0
17315,0
47430,0
23657,0
45680,0
47896,0
38541,0
32812,0
26123,0
45862,1
51382,0
11041,0
50228,0
36379,1
33042,0
22003,0
29654,0
28726,0
48926,0
30213,0
26246,1
54015,0
17354,0
42440,0
29971,0
12716,0
21678,0
19087,0
33898,0
51442,0
23075,0
21005,0
12175,0
11369,0
34935,0
10561,0
45005,0
33504,0
55556,0
56217,0
31034,1
19122,0
29690,0
51057,0
56121,0
54643,0
35292,0
18672,0
46368,0
40611,0
51655,0
25846,0
28315,0
56154,0
50460,0
53631,0
44370,0
43946,1
34510,0
12845,0
45047,0
51269,0
47285,0
24834,1
46302,0
21364,0
31434,1
52162,0
36803,1
39824,0
47464,0
32677,0
54668,0
32842,0
36166,0
11444,0
48985,1
27180,0
33733,0
36030,0
20693,0
13437,0
37661,0
21217,0
38249,0
36566,0
50034,0
26495,0
56652,1
23723,0
18918,0
24604,0
49021,0
24985,0
42586,0
30773,0
34664,0
52342,0
38428,0
55828,0
12696,0
29776,0
32447,0
46973,1
32217,0
33455,0
24146,0
48764,0
11829,0
19515,0
12488,0
43571,0
14620,0
30173,1
20430,0
18764,0
28412,0
16843,0
54148,0
31989,0
29306,0
41134,0
24763,0
27543,0
53853,0
31175,0
49221,1
21782,0
26556,0
55616,0
37064,0
53402,0
42625,0
39321,0
19923,0
21745,0
36744,0
42639,0
19744,0
45200,0
48796,0
48344,0
37911,0
29161,0
52855,0
34633,0
39310,0
13117,0
41931,0
36465,0
37125,0
49550,0
52177,0
17547,0
31615,0
25824,0
31745,1
32761,0
30348,0
15150,1
36418,1
20546,0
17921,0
11771,0
16094,0
22768,0
56926,0
23547,0
42709,0
52249,1
51850,0
16819,0
13806,0
52699,0
24814,0
32736,0
29995,0
23023,0
29211,0
47371,0
35757,0
33193,0
15313,0
18029,0
31161,0
27231,0
45542,0
51406,0
54106,0
27156,0
39206,0
17230,0
14611,0
20618,1
29361,0
44658,0
34051,0
50420,0
38918,0
34753,0
11948,0
21210,0
10736,1
50990,0
46224,0
33881,0
54539,0
54778,0
36102,0
47171,0
56974,0
26937,0
48534,1
52782,0
26755,0
47092,1
40742,0
40726,0
13865,0
42604,0
40497,1
30380,0
23152,0
46733,0
26570,0
14739,0
21619,0
42247,0
52418,0
41963,0
39972,0
21822,1
22151,0
14840,1
20101,0
41205,0
39178,0
40163,0
53624,0
35170,0
14489,1
50601,0
12399,0
33675,0
36014,0
20161,0
44289,1
15387,0
36400,0
39303,0
30253,0
35981,1
14925,0
47506,0
53693,0
42309,0
18083,0
15877,0
49072,0
13945,0
31492,0
35115,0
14975,0
17328,1
42949,0
46181,0
36604,0
52388,0
45797,0
13240,0
31248,0
40224,1
43832,0
44038,1
15031,0
15337,1
51086,0
48128,0
56985,0
52182,0
29940,0
10367,1
47786,0
44610,0
29307,0
24342,0
33634,1
51566,0
56170,0
36091,0
54134,1
32462,0
37687,0
39432,0
56672,1
55308,0
28391,0
43328,1
53148,0
12550,0
17426,0
44434,0
24578,1
16628,0
27884,0
53595,0
27928,0
35853,0
54159,1
50231,1
49111,0
37802,0
54567,0
32351,0
20514,1
10598,0
29825,0
34003,0
31038,0
36820,0
12046,0
26270,0
35364,0
48861,0
38036,0
40827,0
30904,0
12080,0
52036,0
34670,1
17034,0
47438,0
27664,1
19746,0
50059,0
41537,0
52927,0
52909,0
31759,0
26580,0
26541,0
47318,0
30960,0
10773,1
18860,0
27136,0
24944,0
38726,0
56270,0
13271,1
22416,0
55866,0
55424,0
34559,0
12574,0
32391,0
37805,0
29254,1
55247,0
53965,0
22611,0
34940,0
12153,1
27281,1
37839,0
26653,0
31114,0
33847,0
18030,0
56748,1
51531,0
36439,0
43922,0
45329,0
45590,0
38542,0
28749,0
13186,0
30517,0
36022,0
17329,0
10303,0
12189,1
43354,1
23660,0
43339,0
15733,0
53511,0
16422,0
25430,0
11559,0
33348,0
24812,0
55331,0
50569,0
18718,0
11850,0
34320,1
10049,0
30273,1
43489,1
21508,0
56457,0
31092,1
11667,0
36700,0
29373,0
25388,0
48142,0
23151,0
51834,0
24491,0
16635,1
26122,0
21009,1
55551,0
48227,0
33789,0
54997,0
11102,0
18559,0
15300,0
21047,0
35444,0
35013,0
41572,0
30439,1
56830,0
38870,0
44825,0
11640,0
54197,1
33194,1
35741,0
45326,0
55117,0
39701,0
16525,0
35071,0
30395,0
24429,0
14685,1
17833,0
32222,0
29385,0
24618,0
10348,0
38017,0
44393,0
55022,0
56165,0
30722,0
14916,0
47908,0
34268,0
35259,0
44187,0
33413,0
29198,0
18919,0
41886,0
36480,0
25162,0
48496,0
29178,0
39220,0
22268,0
42167,0
35101,0
30187,1
30272,1
49356,0
30680,0
27265,0
22780,0
43323,0
13921,1
17031,0
37935,0
43551,0
27723,0
18751,0
22842,0
42867,0
52597,0
38118,0
45095,1
17275,1
25490,0
46464,0
32631,0
28361,0
31622,0
45934,0
22777,1
34240,1
35425,0
12899,0
33395,0
34948,0
33556,0
20012,0
46813,0
52808,0
43180,0
46203,0
23813,0
16510,0
41302,0
19057,0
32368,0
27412,0
19487,0
37383,1
28447,0
44391,0
37353,0
28419,0
47867,1
12662,0
38658,0
35403,0
30428,0
23766,0
13320,1
42716,0
10434,0
39619,0
27708,0
49956,0
22718,0
29949,0
12595,0
53563,0
33309,0
41233,0
43028,0
44988,0
48304,0
53865,0
50751,0
52320,0
47763,0
20421,0
41120,0
56272,0
48057,0
37654,0
53923,0
27976,0
30906,0
33605,0
10769,0
56338,0
37076,0
48055,0
13692,0
41914,0
52262,0
54894,0
37080,1
13426,0
10976,0
28841,0
21341,0
17419,0
51466,0
24488,0
31457,0
17131,0
11321,0
42034,0
26543,0
26343,0
16547,0
27770,0
49019,0
43865,0
36387,0
24407,0
55835,1
25749,0
32839,0
48932,0
56493,1
48257,0
14996,0
29212,1
36278,0
20513,0
52348,1
43157,0
18186,0
40171,0
16736,0
56243,0
28077,0
16691,0
45596,1
54774,0
40061,0
49712,0
10535,0
27879,0
54163,0
17157,1
11467,0
24508,0
46879,1
33000,0
53186,0
29287,0
23354,0
34202,0
23327,0
14563,0
15430,0
17446,0
31439,0
14628,0
36746,0
36277,0
16629,1
53836,0
31400,0
49910,0
10326,0
20485,0
18670,0
47089,0
17007,0
53666,0
53626,0
18854,0
19013,0
45021,1
17916,0
26015,0
37886,0
23702,1
49095,0
36597,0
31973,0
57153,0
35979,0
28238,0
29868,0
40667,0
12532,0
52953,0
12557,0
46044,0
55988,0
25620,0
23543,0
49424,1
35596,0
55011,0
16772,0
44223,0
15240,0
16835,0
13372,0
36459,0
53183,0
31512,1
38599,0
41111,0
12872,0
11706,0
36656,0
36757,0
49960,0
43802,0
26579,1
25188,0
46403,0
35443,0
48584,0
30108,0
39173,0
39770,1
44668,1
21042,0
38717,0
23599,0
11099,0
11204,0
28566,1
16876,0
34570,0
28291,0
34159,0
14560,0
49346,0
12741,0
28392,1
39291,0
25096,0
21401,0
55390,0
15909,0
25423,0
42227,0
48106,0
15476,0
24551,0
28469,0
52142,0
45586,0
56360,0
41399,1
34318,0
52218,0
54228,0
48743,0
36133,1
16439,0
40394,0
44013,0
41318,0
20556,1
54770,0
35288,0
36140,1
14368,0
46764,1
47760,1
21658,0
47646,0
16698,0
51760,0
54526,0
12251,1
50381,0
20375,0
32261,0
26512,0
41150,1
20356,0
55327,0
34851,0
34447,0
46810,0
48658,0
10033,0
35664,1
38380,0
38331,0
31123,0
20139,0
37671,0
29432,0
37811,0
36012,0
54477,0
12121,1
48651,0
18539,0
41521,0
40651,0
22618,0
18808,1
31226,0
55086,0
52222,0
42572,0
29903,0
27361,1
54397,0
29382,0
28846,0
22442,0
44581,0
46537,0
20415,0
26681,1
52073,1
21465,0
26494,0
40968,0
46077,0
10963,0
50297,0
10161,0
44075,0
47478,0
48833,0
50921,1
11765,0
10013,1
36955,0
34298,0
41133,0
14673,0
42940,0
54232,0
21309,0
36170,1
25663,0
52244,0
35769,1
37704,0
18268,1
17568,0
43805,0
40036,0
22179,0
22861,0
12159,0
31822,0
27590,0
38731,0
49917,0
55083,0
31459,0
37889,0
52473,0
22295,1
48210,0
18060,0
57178,1
36726,1
35037,0
18411,0
10058,0
31985,0
30604,1
54776,0
35020,0
35109,0
40650,0
25939,0
47114,0
16160,0
18496,0
46673,0
55613,1
47144,0
28276,1
44996,0
28751,0
22954,0
32684,0
28267,1
15709,0
34939,0
35712,0
52530,0
47582,0
17453,0
22455,0
35843,0
52197,0
28470,0
36807,0
48239,0
11078,0
17680,0
10224,0
17259,0
19283,0
52179,0
51690,0
50076,0
20027,1
56522,0
11071,0
28997,0
54243,0
24669,0
30894,1
13455,0
29869,0
20916,0
10749,1
53730,0
56864,0
41623,0
53708,0
19085,0
38482,0
53621,0
45391,0
50056,0
43188,0
47277,0
18697,0
32953,1
20181,0
18627,0
54413,0
30354,0
47188,0
52921,1
14020,0
23912,0
13801,0
22693,0
37947,0
48192,0
31230,0
24017,0
25811,0
13265,0
37429,0
33665,0
39212,0
56265,1
43439,0
35483,0
43949,0
24565,0
15525,0
37576,1
47136,0
52615,0
51856,0
20849,0
14534,0
20873,0
43544,0
47749,0
38332,0
15679,1
43759,0
30819,0
22105,0
31569,0
28290,0
37316,0
31165,0
13021,0
29218,0
22680,0
12146,0
40947,0
35199,0
46507,0
41027,0
53888,0
37001,0
43498,0
19388,1
11496,1
43543,0
53313,0
48492,1
39877,0
23077,0
18220,0
51621,0
52502,0
27224,0
55168,0
15872,0
30786,1
12456,0
38350,0
50927,0
24421,0
47291,0
18281,1
55615,1
24768,0
53751,0
37900,0
23484,0
19670,0
28620,0
56232,0
44852,0
13738,0
19212,0
38549,0
50583,0
37898,0
44112,0
12145,0
32367,0
37317,0
26204,0
45124,0
11343,0
10277,0
11315,0
18439,0
21490,0
21681,0
41910,0
14879,0
20388,1
54750,0
36692,0
20470,0
47042,1
13792,0
19194,0
40321,0
41250,0
53231,0
43964,0
13392,0
20150,0
26659,0
53389,0
20208,0
11263,0
14247,0
50903,0
40978,0
29012,1
36078,0
53798,0
41531,0
31704,0
51754,0
22207,0
22676,0
54965,1
24619,0
12147,0
12669,0
47072,0
30536,0
51386,0
14330,0
37994,0
26092,1
10876,1
31632,0
39845,0
19932,0
17834,0
52269,0
24972,0
27113,0
18523,0
34495,0
21800,0
32226,0
27423,0
13946,0
49505,0
44269,0
37826,0
29004,0
15793,0
31812,0
19255,1
42972,0
55213,0
22909,1
39843,0
21633,0
44302,0
32949,0
33682,0
46331,0
53443,0
13858,0
29708,0
55719,0
48927,0
13833,0
11911,1
16833,0
37542,0
43977,0
24197,1
39032,0
12369,0
12834,0
50451,0
41409,0
34863,0
15713,0
40956,0
48380,0
31863,0
17497,0
31677,0
22623,0
31183,0
50697,0
33587,0
37438,0
45444,0
50916,0
56400,0
42909,0
49927,0
49104,0
16248,0
42350,1
29014,0
22124,0
32716,0
14923,0
35206,0
31389,0
29911,0
14273,1
47983,1
36396,0
33270,0
14938,0
48913,0
11234,1
38552,0
41713,0
18528,0
10846,0
41728,0
48644,1
42936,0
15694,0
54314,0
52686,0
29020,0
18582,0
52008,0
38803,1
54677,0
38787,0
19480,0
54981,1
26760,0
40201,0
41511,0
14761,0
33883,0
11005,0
45456,0
46140,0
32707,0
40267,0
34087,0
56321,0
54679,0
44113,0
13800,0
10079,0
43797,0
52062,0
34182,0
43668,0
20527,1
54881,0
54387,0
46480,0
36320,0
40320,0
25017,0
43324,1
36702,0
34822,0
50956,0
15903,0
36676,1
19839,0
56066,0
13483,0
16813,1
51390,0
28429,0
32643,0
29275,1
17282,0
25674,0
52048,0
19871,0
42966,0
13439,0
26525,0
56645,0
12634,0
53880,0
54623,0
35235,1
12916,0
24997,0
54091,0
12019,1
36329,0
55723,0
20633,0
24624,0
19941,1
56111,0
51334,0
25579,0
42776,0
25371,0
13871,0
46891,0
41741,0
21091,0
31794,0
15445,0
40076,0
51550,0
21946,0
46577,0
27449,0
10273,0
52852,0
44406,0
18561,0
25464,0
18098,0
28842,1
36580,0
56843,0
10780,1
56216,0
36923,0
30940,1
22077,0
14651,0
43004,0
18763,0
50179,0
24717,0
49066,0
56156,0
18701,0
25285,0
42833,0
11230,0
16859,0
53647,0
17653,0
20390,0
50852,0
43034,0
28093,0
14746,0
55887,0
17063,0
49016,0
10255,0
47592,0
48790,0
12877,0
31397,0
45452,0
35812,0
29699,1
53709,1
10297,1
37781,0
19810,0
56972,0
41357,0
54766,0
42271,1
47608,0
27110,0
11740,0
35340,0
14125,0
23910,0
21735,0
57061,0
46613,0
35335,0
45837,1
50009,0
56398,0
11880,0
19561,0
49227,0
10014,0
23194,0
31592,0
52169,0
46211,0
11810,0
23408,0
24445,0
39018,0
44808,0
43063,0
30994,0
22793,1
15966,1
48772,0
15168,1
52032,0
40146,1
12871,1
42535,0
27324,0
52693,0
48327,0
41895,0
40584,0
38859,0
56462,0
38030,1
22041,0
45373,0
13074,0
19711,0
10313,0
25694,0
26909,0
16310,1
24683,0
44927,0
53890,0
17071,0
14373,0
55018,0
29293,0
21166,0
15263,1
28448,0
17687,1
22945,0
47935,0
26582,0
31105,0
40114,0
52280,0
37788,0
32944,0
19139,0
18236,0
46375,0
10634,0
17276,0
19986,0
11709,0
10470,1
29667,0
55950,0
26425,0
16465,0
45158,0
13015,0
27504,0
13343,0
29103,0
28251,0
32625,1
18046,0
35355,0
13224,0
45860,0
46095,0
38314,0
39599,0
40696,1
29620,0
11375,0
16108,0
39948,1
55440,0
53524,0
51518,0
26841,0
45262,0
45078,1
55286,0
26415,0
17277,0
19145,0
53400,0
50401,1
53190,0
44613,0
29330,0
11307,0
25547,0
32885,0
45793,1
18219,0
30692,0
40142,1
29893,0
51938,0
18504,0
12238,0
45331,0
22022,0
11517,0
27665,0
23828,0
34758,0
46460,0
51045,0
10456,0
30196,0
27917,0
36019,0
45598,0
42721,0
14375,0
21314,0
20974,0
41780,0
26039,0
48974,0
56963,0
29244,1
41453,1
24110,0
18594,0
16733,1
23226,0
54742,1
12452,0
42933,0
16677,1
56370,0
21115,0
19124,0
42536,0
18961,0
17617,0
39109,1
25014,0
21248,0
23579,0
12478,0
29847,0
33416,1
54971,0
32040,1
33606,0
37514,0
39837,0
54831,0
21582,0
47877,0
18853,0
34882,0
24579,0
17067,0
44265,0
12693,0
44821,0
14763,0
35075,1
26252,0
51219,1
20578,0
55394,0
17438,0
51223,0
10797,0
35486,0
50220,0
36467,0
34065,1
43988,0
11136,0
33035,1
44098,0
56428,0
40311,0
55374,1
23401,0
35954,0
23924,0
25530,0
44545,0
48522,0
25011,1
37804,0
12342,0
42368,0
35929,0
18155,1
22069,1
44960,0
46011,0
14387,0
51318,0
26685,0
38567,0
50485,0
19793,0
36642,1
17170,0
46488,0
35659,0
34168,0
21413,0
13221,1
49600,0
47673,0
11066,0
50729,0
22473,1
46067,0
19985,0
37866,0
56979,0
51040,0
23858,0
49447,0
16692,0
15491,0
54404,1
38715,0
43299,0
22915,0
56031,0
52004,0
27557,0
34903,0
32608,0
32362,0
17996,0
30780,0
23530,0
53131,0
29458,0
19136,0
36834,0
42935,0
31885,0
56487,0
56690,0
14671,0
39668,0
54752,0
38545,0
53314,0
37403,0
18306,0
47398,0
19147,0
45682,0
44747,0
38905,0
28111,0
29558,1
16412,0
40862,0
31957,0
36283,0
51952,1
29116,0
26283,0
45192,0
35786,0
47049,0
18809,0
52106,0
28940,0
35053,0
47690,0
14154,0
35156,0
35592,0
30113,0
27897,1
16639,0
46031,0
41067,0
52738,0
10756,0
18835,0
39539,0
53528,0
35721,0
51883,1
54516,0
55282,0
55204,0
48880,0
10414,0
27134,0
33917,0
39442,1
17694,0
19193,0
30712,1
56378,0
41450,0
15899,0
19164,0
11430,0
11184,0
40435,0
35295,0
32024,1
25602,0
40091,0
24089,0
49954,0
54133,0
42772,0
40809,0
44498,0
37842,0
40551,0
24198,0
31269,0
22956,0
28831,1
31452,0
56006,0
51629,0
12168,0
38097,0
27669,0
41498,0
45700,0
17832,0
39281,1
32468,0
35709,0
50849,0
24909,0
50008,0
29705,0
49791,0
38271,0
13552,0
54174,0
43316,0
28395,0
46052,0
10689,0
36080,0
11580,0
42192,0
51758,0
36573,1
24856,1
22500,0
21142,0
54068,0
42870,0
28626,0
43347,0
56445,0
55190,1
10688,0
34147,1
42437,0
10896,0
53072,0
53071,0
27524,0
21834,0
44210,0
36452,0
33823,0
56705,0
51817,0
29855,0
56037,0
42718,0
29092,0
42680,0
43547,0
56366,0
12095,0
12929,0
32221,0
14052,0
15205,0
30205,0
48878,0
42302,0
38683,0
43580,1
37630,0
20437,0
11121,0
18630,0
37738,0
53822,0
15228,0
44985,1
32899,1
55478,1
10858,1
17770,0
56114,0
40316,0
51891,0
11140,0
35073,0
26924,0
15542,0
17358,0
44893,0
46260,0
16078,0
21540,0
54616,1
38630,0
26027,0
53967,0
51258,0
50848,0
53663,1
18533,1
54877,0
35718,0
33470,0
16023,0
20669,0
46929,0
41116,0
29593,0
27274,0
12169,0
18217,0
13017,0
13826,0
17877,0
38415,0
50672,0
43755,0
41751,0
54302,0
12212,0
11890,0
38246,0
26639,0
33429,1
37722,0
34714,0
42457,0
30888,1
31556,0
11153,0
54400,0
18192,0
11726,0
29488,0
55200,0
39020,0
32148,0
34982,0
26717,0
27870,0
56642,0
49267,0
43288,0
50825,0
20441,0
57021,0
34334,0
37746,0
28474,0
41576,0
55230,0
24962,0
27707,0
35002,0
24961,0
15829,0
29177,0
35111,0
54322,0
23640,0
21973,0
34788,0
40194,1
13394,0
56330,1
55381,0
14000,0
36192,0
34850,0
34346,0
41801,0
12217,1
50129,0
45407,0
19696,0
44707,0
40886,0
39411,0
41797,0
16781,0
55934,0
39478,1
17794,1
14349,0
50781,0
51749,0
21105,0
31200,0
36175,0
41971,0
54118,0
31446,0
30465,0
54305,0
26748,0
26491,0
16365,0
21328,0
56032,1
30095,0
13272,1
42013,0
23928,0
48402,0
48724,0
25051,0
43801,0
40243,1
27117,1
44846,0
55234,0
27699,0
14315,0
43292,0
53405,0
32611,0
32938,1
48537,0
45631,0
13430,0
21724,0
19825,0
12398,0
32328,0
27455,0
35910,0
35159,1
35079,0
47140,0
53193,0
44418,0
54103,0
52793,0
26429,0
46948,1
43449,0
29058,0
43018,0
15081,0
42808,0
48504,0
11285,0
21985,0
10417,0
12548,0
52208,0
23591,0
51635,0
54227,0
13293,0
21054,0
52630,0
31012,0
44341,0
51940,0
34954,0
35049,0
39925,0
51656,0
10448,0
20174,0
18980,0
30765,0
10790,0
38188,0
41368,0
23269,0
52457,0
19090,0
38794,0
30968,0
36247,1
20242,0
44541,0
44830,0
31904,0
21278,1
56954,1
11774,0
19776,0
38962,0
51488,0
10271,0
19382,0
19970,0
11594,0
28519,1
43381,0
15435,0
48710,0
44091,0
48163,0
37959,0
34987,0
43176,1
43722,0
13365,0
32574,1
54014,0
25479,0
39784,0
13144,0
22250,0
27971,0
26997,0
15754,0
22328,0
34480,0
22011,0
44350,0
24613,0
45305,1
48751,0
30392,0
51858,0
19953,0
26021,0
22140,0
30953,0
22982,1
50245,0
40743,0
29303,0
16806,1
20287,0
29008,0
41063,0
53035,0
24701,0
44551,0
28432,0
39051,0
51467,1
35963,1
16132,0
56007,0
43525,0
25269,1
48252,0
49630,0
14329,0
14100,0
51486,1
17789,0
46073,0
55846,0
27459,0
46720,0
43633,1
31484,0
12941,0
50483,0
18979,0
30876,0
11115,0
53015,0
11411,0
29120,0
47962,1
37086,1
25987,0
45385,0
26658,0
14442,0
27345,1
35423,0
11016,0
30485,0
22475,0
54872,0
41644,0
12650,0
37413,0
38335,0
55646,0
39872,0
51304,0
10239,1
37663,0
33872,0
32612,0
52214,1
16563,0
48390,0
13717,0
30785,0
49465,0
47981,0
36476,1
24114,0
39806,0
28049,0
34272,0
27005,0
50472,0
30133,0
57034,1
33349,1
52642,0
42173,0
25949,0
35030,0
39363,0
50680,0
34254,1
23139,0
22299,0
53227,0
37416,1
32727,0
25402,0
41697,0
26686,0
35145,0
12864,0
18572,0
19271,0
53010,0
19266,0
28664,0
41540,0
47065,0
24248,0
46528,0
38433,0
37381,0
50482,0
23452,0
16875,1
33863,0
49802,0
10957,0
13450,0
26026,0
45883,0
49558,0
37287,0
22586,0
46797,0
35615,0
39666,0
30735,0
51135,0
21956,0
10023,1
22161,0
15408,0
41810,0
30484,0
10402,0
10237,0
19132,0
56626,0
26826,1
15152,0
21721,0
39698,0
24886,0
53910,0
26054,0
36763,0
53558,0
11325,0
15929,0
15044,0
35348,0
11057,0
32220,0
48953,0
27756,0
18267,0
24365,0
12254,0
51497,0
52966,0
31964,0
42985,0
18078,0
10069,0
51273,0
53841,0
13241,0
26899,1
10070,0
47264,0
29105,0
17870,0
48565,0
12182,1
18260,0
52086,0
33718,0
44414,0
43071,0
15389,0
56256,0
48324,0
17957,0
26517,1
49537,0
25407,0
39083,1
49008,0
22454,0
12535,0
25267,0
26188,0
57062,1
54562,0
27728,0
29080,0
46085,0
33065,0
31054,0
32862,0
26293,0
33708,0
56498,0
36171,0
20519,0
26351,0
25702,0
44481,0
22762,1
35905,0
22620,0
41967,0
35177,0
33485,0
13016,0
34895,0
13563,0
10987,0
51737,0
21497,0
32300,0
37723,0
30310,0
39346,1
27647,0
19328,0
52096,0
19697,0
26339,0
44290,0
28782,0
28809,0
54371,0
51842,0
53567,0
46706,0
51145,0
28505,0
39685,0
14841,0
34271,0
44276,0
31078,0
28701,0
50833,0
43152,0
54374,0
44330,0
37503,0
50083,0
27218,0
40504,0
35878,0
55863,0
26756,0
20910,0
55510,0
55474,1
54396,0
51646,0
42246,0
39576,0
52778,0
51389,1
31010,1
12215,0
21474,0
10147,0
41167,1
10830,0
54216,0
16106,0
21541,1
47081,1
36524,0
46001,0
27720,0
39039,0
25090,0
20585,0
51264,0
30554,0
42363,0
53510,0
16315,0
16794,0
26862,1
57080,0
20520,0
18106,0
23181,0
41315,0
53575,0
41917,0
49852,0
20454,0
12601,0
21799,1
28915,0
32187,0
21060,0
43614,0
14990,0
20186,0
48353,0
13944,0
45599,0
17249,0
38532,0
20890,0
33083,0
55841,0
31060,0
19786,0
51179,0
55886,1
35909,0
12969,0
28702,1
24575,0
41805,1
45819,0
29711,0
46316,0
15767,0
35701,0
46538,0
46009,0
25680,0
17929,0
19606,0
53700,0
29417,0
47142,0
17890,0
13485,0
51286,1
21435,0
30243,0
50504,0
26391,0
32583,1
36550,0
18431,0
48728,0
41391,0
24288,1
20259,0
10505,0
15106,0
24151,0
52312,0
14991,0
41966,1
13959,0
30752,0
28594,0
14437,0
46513,0
40391,0
40260,0
13533,0
49396,0
27079,0
48181,1
35253,0
38921,0
31906,0
31908,0
26935,0
51204,0
20168,0
24381,0
48662,0
27454,0
45990,0
30890,0
41609,0
54467,0
30830,0
23848,0
12113,0
35312,0
11364,0
42705,0
48359,0
52861,0
14540,0
47790,0
14353,0
44912,0
31564,0
12502,0
30709,0
44195,0
40560,0
56997,0
16978,0
53758,0
53737,0
18092,0
33464,0
13412,0
26268,0
19963,0
21080,0
35567,0
56825,0
23542,0
30008,1
25991,0
24231,0
42408,0
39746,0
12200,0
30017,1
17000,0
36870,0
39239,0
40979,0
29522,0
12109,0
27622,0
40777,0
48268,0
29621,0
51907,0
55633,0
32248,0
41019,0
46617,1
24774,0
55289,0
15799,0
12248,0
45011,0
22892,0
41703,0
31324,0
57106,0
21575,1
35597,0
12211,1
25477,1
18476,0
20024,0
44166,1
18477,0
37157,0
42526,0
23615,0
18565,0
28099,0
29181,0
46984,0
30862,0
13751,0
26249,0
41599,0
22872,0
17816,0
10619,0
34378,0
51240,0
30290,0
35315,0
50037,0
30427,0
10975,0
34485,0
56685,0
49048,0
44727,1
49722,0
25965,1
54190,0
24816,0
48357,0
48821,0
19525,0
33230,0
51167,0
15400,0
31882,0
48170,0
13724,0
40692,0
19614,0
50300,0
12388,0
53466,1
21899,0
41658,0
12972,0
10714,0
31065,0
20965,0
14178,1
19631,0
44046,0
51069,0
12384,0
39665,1
21073,0
51674,0
16381,0
52623,0
15208,0
37471,0
37944,0
33790,0
25758,0
43065,0
40663,0
12177,0
25142,0
13784,0
50926,0
43230,0
46086,1
55890,0
42421,0
25881,0
14128,0
37470,0
48432,0
10842,0
33759,0
37223,0
31326,0
37494,0
52961,0
33628,0
41542,0
33791,0
53500,0
34278,0
42037,0
24513,0
34477,0
38880,0
45869,0
18075,0
17952,0
54272,0
45313,0
43818,0
16211,0
55767,0
28667,0
24334,0
29662,0
54601,0
34746,0
39060,0
28734,0
35678,1
21586,0
34377,1
28981,0
20363,0
25064,0
53205,0
55632,0
13908,0
11434,0
51650,0
37243,1
34590,1
31905,0
28674,0
23941,0
14300,0
24395,0
52979,0
53026,0
45117,0
50181,0
21202,1
31685,0
28157,0
18412,0
44931,0
38244,0
51209,0
32370,0
31804,0
21589,0
41039,0
56376,0
26231,0
53706,0
34226,0
42631,0
34972,0
52850,0
26887,0
15318,0
32782,0
36965,0
51370,0
25552,0
53133,0
22178,0
35719,0
34902,0
12131,0
25282,0
37286,0
35173,0
13522,0
28213,0
15109,1
56389,0
43991,0
28389,0
31813,0
45988,1
54699,0
15454,0
24315,0
44754,0
52110,0
39392,0
11796,0
22818,0
51502,0
50186,1
54405,0
41402,0
10491,0
31146,0
41957,0
21095,0
55340,0
27811,0
22853,0
26280,0
43315,0
11593,1
34317,1
32525,0
12680,0
16090,0
31531,0
13118,0
24594,0
19577,0
42046,0
41126,0
24400,0
46288,0
13167,0
41723,0
31191,0
33107,1
26297,0
32056,0
39003,0
22527,0
31680,0
21831,0
47705,0
28133,0
49458,0
40609,0
52826,0
29842,0
32386,1
23471,0
46944,0
16630,0
37859,0
23815,0
13677,0
24304,0
11863,0
25595,0
31473,0
13465,1
43793,1
21593,0
50765,0
33811,0
21365,0
17715,0
43641,0
23102,1
53119,0
26405,0
19533,1
16493,0
50755,0
14102,1
43457,0
54555,0
38011,0
40338,0
40608,0
43973,0
52624,1
15103,0
39326,0
20967,0
45822,0
30250,0
34680,0
32634,0
22227,0
17054,0
28560,0
33017,0
45728,0
45698,0
44930,0
21189,0
47772,0
43983,1
17353,0
25343,0
42174,0
39687,0
36337,0
39858,0
46546,1
14862,0
35676,0
12340,0
22983,0
12712,0
13212,1
53016,0
52090,0
38245,0
25914,0
32728,0
52569,0
15552,0
47815,0
21801,0
48896,1
30578,0
51718,1
22369,0
17670,0
56679,0
10618,0
27335,1
44696,0
32536,0
40474,0
22874,0
53823,1
50114,0
21258,0
15802,0
11625,0
49608,0
24569,1
33702,0
56390,0
37941,0
41106,0
45026,0
47145,0
53622,0
27190,0
26341,0
38970,0
26808,0
30456,0
23818,0
19731,0
31360,0
22354,1
28190,0
48316,0
48613,0
55457,0
44686,0
12840,0
55859,0
38385,0
18218,0
43350,0
51353,0
47559,0
38890,0
42643,0
19608,0
18308,0
31664,0
32218,0
43120,1
57046,0
40077,0
21729,0
52456,0
47268,0
54021,0
11267,0
17762,0
55075,1
47241,0
19993,0
52097,0
52001,0
26662,0
38317,0
10355,0
46286,1
57013,0
20911,0
19650,0
51228,0
10217,0
22197,0
31995,0
10549,0
13288,0
17087,0
22893,1
25319,1
20300,0
39699,0
34504,0
48215,0
31299,0
57139,0
49730,0
17671,1
26991,0
23240,0
10991,0
18118,0
56611,0
53661,0
35192,0
56860,0
42435,0
49962,0
18223,0
27805,0
33064,0
41782,1
15504,0
53964,0
38308,0
42557,0
27831,1
10377,0
26089,0
37953,0
28827,1
10482,0
54501,0
15541,0
18721,0
56673,1
35977,0
46819,1
47310,0
20160,0
14034,0
48828,0
31963,1
23122,0
27981,0
31849,0
38387,0
37507,0
55692,0
37153,0
33581,0
47197,0
47943,0
55338,0
36730,0
44369,0
51617,0
20264,0
14477,1
14749,0
22580,0
14471,0
33109,0
46524,0
47500,0
45283,0
25392,0
15519,0
17973,0
27047,0
47332,0
48906,0
16297,0
29289,0
22758,0
22863,0
42240,0
10801,0
34449,0
56929,0
54200,0
53143,0
15648,0
31052,0
19584,1
24952,0
42640,0
39042,0
34994,0
50739,0
52827,0
43766,0
12775,0
30229,0
20011,0
30398,0
16847,0
48441,0
12616,0
20146,0
19645,0
25736,0
16020,0
45406,0
40431,0
27084,0
32773,0
10720,1
49024,0
28937,0
23422,0
39050,0
44698,0
36609,0
14304,0
34591,0
27750,0
29460,0
56702,0
44906,0
24170,0
23297,0
49991,0
36931,0
30941,0
54931,0
25706,0
40928,0
54255,0
21348,0
39961,0
39236,0
39256,0
55759,1
17902,0
32911,0
32497,0
10235,0
33715,0
10351,0
15795,1
13555,0
11206,0
17292,0
37145,1
17445,0
24826,0
12262,0
17288,0
51202,0
26782,0
38795,0
16081,0
44857,0
23693,0
40181,0
27278,0
37575,0
30546,0
32986,1
51314,0
33911,0
28811,0
10263,0
37712,0
39249,0
39809,0
54180,1
34190,0
24949,0
52276,0
41575,0
53746,0
18032,0
44642,0
18503,0
56826,1
15663,0
55277,0
35885,0
21484,1
17154,0
35034,0
13191,0
41790,0
18649,0
34979,0
41783,0
52955,0
48690,0
19033,0
29993,0
14111,0
54787,0
41759,0
10266,0
33014,0
16135,0
14753,0
12050,1
20328,1
11885,0
56101,0
21149,1
33698,0
24086,1
27996,1
11134,0
48356,0
25416,0
42029,0
45214,0
14519,0
15824,0
11195,0
41560,0
15913,0
56582,0
12072,0
49695,0
28428,0
30817,0
51169,0
55543,0
46426,0
10883,0
17190,0
53047,0
15576,0
39525,0
48759,1
49196,1
47400,0
15871,0
23578,0
23021,1
49192,0
38140,0
14941,0
16013,1
15327,0
13998,0
46134,0
42308,0
15625,0
49944,0
12970,0
17852,0
19625,0
20929,0
14933,0
15153,0
30041,0
24517,0
15166,0
52588,0
32395,0
40738,1
43344,0
23259,0
44873,0
36009,0
34769,0
16526,0
11988,0
46024,0
42746,0
51182,0
55983,0
25243,0
42510,0
34506,0
55558,0
31942,0
49323,0
11906,0
32951,0
32661,1
27786,0
32701,0
53683,0
14645,0
56267,1
45425,0
36811,0
55367,1
11011,0
18939,0
53008,1
25636,0
18778,0
36384,0
46297,0
12371,0
51577,0
50847,0
19361,0
35327,0
40929,0
39850,0
55954,0
11902,1
20921,0
29119,0
44769,0
34417,0
29766,0
51957,0
43943,0
32581,0
32908,0
35135,0
17799,0
52583,0
54384,0
16041,0
45420,0
21306,0
45076,1
11857,1
13962,0
28945,1
46113,0
19929,1
42425,0
37216,0
52951,0
36141,0
44645,1
22426,0
29754,0
31547,0
11659,0
42286,0
50075,0
26907,0
29346,0
31855,1
56129,0
10966,0
19050,0
10639,0
27597,0
47154,0
30152,0
44294,0
48794,0
23124,0
41850,0
15369,0
11553,0
44226,0
39048,0
57025,0
44020,0
17132,1
37194,0
36146,0
55334,0
44785,1
23782,0
56481,0
46991,0
26730,0
16402,0
19210,0
11233,0
17195,0
21659,0
17763,0
54122,0
11045,0
28999,0
17801,0
52375,0
54023,0
11361,0
12411,1
38268,0
29406,0
10752,0
47287,0
41516,0
52334,0
34187,0
31554,0
50692,0
42239,0
53936,0
22252,0
48614,1
18006,0
34538,0
32913,1
47226,0
38086,0
19171,0
31505,0
22946,0
14949,0
17540,0
23040,0
35269,0
36538,1
20665,0
47494,0
18543,0
27111,1
25812,0
38569,0
46597,0
24128,0
37089,0
15346,0
56539,0
24857,0
14275,1
40206,0
22020,0
39846,0
47351,0
42065,0
24842,0
55564,0
51816,0
18416,0
41460,0
26080,0
43336,0
27592,0
23357,0
38223,0
19299,0
53773,0
34260,0
39141,0
18314,0
47007,0
50176,0
40019,0
26705,0
46300,0
19879,0
49891,0
48996,0
29973,0
17294,0
47322,0
23424,0
23178,0
12512,1
31148,0
14333,1
53942,0
22526,0
44233,1
31534,0
38693,0
27868,0
38961,0
13927,0
21549,0
36860,0
10603,0
49533,0
55487,0
45495,0
44834,0
40222,0
36917,0
57009,1
48457,0
33509,0
17667,0
54816,0
52084,1
52930,0
51861,0
38100,0
30297,0
56393,0
15771,0
13147,0
28207,0
41260,0
40140,0
26172,0
17676,0
10950,0
11004,0
30902,0
20504,0
14276,0
30106,0
17036,1
44077,0
46789,0
10687,0
43129,0
12268,1
12451,0
56278,1
29081,0
26722,0
19218,0
34530,0
45175,0
10064,0
54574,0
26223,0
12496,0
34678,0
55014,0
33517,0
37721,1
31107,0
14177,0
27100,0
33747,0
10130,0
16710,0
39825,0
14474,0
47565,1
54342,0
32619,0
54373,0
21563,1
45917,0
30668,0
18930,0
22429,0
42523,0
22627,1
21886,0
15358,0
20057,0
16927,0
38060,0
13747,1
12654,1
25210,0
50868,0
12609,0
31325,0
49521,0
30131,0
46039,0
42092,0
32745,0
50590,0
36752,0
42762,0
23688,0
11355,1
49395,0
14216,0
52649,0
37627,1
51221,0
42324,0
25979,0
37315,0
54665,0
45046,0
51661,0
16818,0
10909,0
44469,0
42591,0
15500,0
14038,0
18729,0
50733,0
10450,0
49058,0
50685,0
30459,0
27307,0
43242,1
32483,0
42423,0
39259,0
40945,0
55034,0
52587,0
38936,0
16793,0
54724,0
17546,0
26127,0
36191,0
19794,0
48808,0
55274,0
37614,0
50571,0
43627,0
42655,0
31009,0
22902,0
36261,0
10865,0
10245,0
50773,1
52012,1
11631,0
18678,0
38304,0
46228,1
39485,0
16581,0
50861,1
41890,0
26072,0
24196,0
49829,0
29830,0
48220,0
28663,0
56060,0
50190,0
51106,0
26624,0
27431,0
48394,0
48452,0
56689,0
26434,0
35446,0
27077,0
26634,0
40513,0
44218,0
21700,0
21777,0
45800,0
28313,0
20274,0
10036,0
35823,0
43149,0
40629,0
13787,0
10041,0
38924,1
53449,0
45353,0
46520,0
56180,0
55297,0
14965,0
41795,0
30844,0
29844,0
23086,0
55201,0
51413,0
42969,0
39471,0
40263,0
21464,1
27419,0
34207,0
55831,0
23133,1
23187,0
55504,0
23234,0
15846,0
55870,0
13693,0
56314,0
54199,0
24271,0
43217,0
51211,0
14836,0
12909,1
23977,0
34163,0
42418,0
50983,0
26993,0
45033,0
23949,0
37215,0
25571,0
12181,0
12911,0
56818,0
39466,0
17211,0
47679,0
53365,0
55518,1
21685,0
53641,0
55328,0
51893,0
17347,0
53031,0
55396,0
47225,0
10446,0
37083,0
47307,0
18286,0
16435,0
11628,0
54351,1
43584,0
14296,0
33063,0
21923,1
55460,0
19158,1
35154,0
34825,0
45782,1
53924,0
22963,0
56002,0
27101,0
55968,0
47130,0
13408,0
19967,0
13984,0
55217,0
17375,0
47846,0
19635,0
23185,0
25498,1
49440,0
19531,0
32981,0
28956,0
56100,0
56653,0
13760,0
25028,1
34726,0
40902,0
51004,0
42765,0
37538,0
19026,0
24910,0
12524,0
53213,0
54525,0
24939,0
32960,0
12424,0
16147,0
56411,0
35588,0
26586,0
48358,0
44900,0
23749,0
12152,1
35599,0
32586,1
30952,0
40972,0
45768,0
21780,0
53692,0
34691,0
33050,0
22208,0
17876,0
22517,0
50813,0
11626,0
47024,0
44755,0
26201,0
22551,0
46927,0
13623,0
56404,0
33766,0
26396,0
23768,0
42551,0
32935,0
21244,0
36935,0
16599,0
14491,0
33241,1
24442,0
41484,0
19078,0
56194,0
28248,0
31815,0
15535,0
44594,0
41311,0
17727,0
14318,0
33205,0
31676,0
56740,0
30015,0
44219,0
50889,0
22165,0
29297,0
14893,0
32966,0
38211,0
42883,0
38340,0
54078,0
33622,0
29681,0
26202,0
30628,0
10249,0
12423,0
40713,0
43114,0
38191,0
41065,1
35384,0
22350,0
45355,0
10676,0
15012,0
47828,0
50955,0
28724,0
21615,0
14253,0
14377,0
10743,0
49056,0
41582,0
11769,0
14643,0
46593,0
39034,0
52487,0
36049,0
50631,0
44937,0
46351,0
56562,0
19764,0
50829,0
25453,0
11595,0
47607,0
51030,1
33745,0
43528,0
17064,0
40051,1
54976,0
31468,0
49796,0
25331,0
43267,0
50982,1
38436,0
16445,0
20052,0
41100,0
11977,1
32730,0
36830,0
20395,0
28002,0
35270,0
25679,0
24280,0
24424,0
35930,0
25376,0
24473,0
54993,1
55625,0
45001,0
32632,1
10742,1
42117,0
18128,0
40021,0
41366,0
27194,1
25903,0
33716,0
31550,0
14596,1
51793,0
51662,0
20002,1
46164,0
52695,0
53410,0
13273,0
13852,0
12446,0
45716,0
23893,0
52413,0
38973,0
14930,1
26792,0
11040,0
53544,0
24714,0
41517,0
10486,0
56346,0
55115,0
18195,1
39500,0
11778,0
19946,0
44484,0
24026,0
11362,0
34608,0
30587,0
39883,0
55498,0
16693,0
19249,0
57073,0
32854,0
20897,0
54592,1
14306,0
12495,1
35893,0
35684,0
41570,0
14909,0
49808,0
38884,0
28026,0
56555,0
32749,0
54784,0
26294,0
51102,0
45150,0
53872,0
17479,0
30138,0
40991,1
37598,0
14929,0
33412,0
25072,0
24072,0
55982,0
20376,0
45421,0
14116,0
25741,0
12541,0
18991,0
29032,0
18478,0
54344,0
33522,0
47677,0
50375,0
33736,0
49598,0
46747,0
17184,0
52257,0
32204,0
47039,0
56470,0
23113,0
12347,0
19362,0
44251,0
22547,0
29769,0
20596,0
13596,0
10939,0
44716,0
52608,0
21528,0
26920,0
49053,0
28928,0
16154,0
46627,1
51227,1
53345,0
45101,0
35082,0
24865,0
42262,0
29845,0
20218,0
48845,1
55029,0
53776,0
29054,0
19679,0
15192,0
50710,0
16721,0
29539,1
14546,0
29774,0
42221,0
36567,0
33231,0
50539,0
42287,1
41041,0
47236,0
29979,0
29064,0
42361,0
33643,0
30129,0
17494,0
45372,0
18084,0
30954,1
45539,0
38479,0
23920,0
29601,0
29525,1
11686,0
20273,0
39987,1
12306,0
29084,0
52816,0
15814,0
33410,0
14573,0
14408,0
47302,0
10715,0
50863,0
18449,0
33396,0
43163,0
51722,0
54455,0
30202,0
37956,0
19904,0
34743,0
22608,0
49857,0
15731,0
43887,1
20095,0
18999,0
45795,1
22355,1
54158,0
50127,0
53268,0
27434,0
55169,0
43704,0
45392,0
54833,0
56584,0
29572,0
47030,0
20598,0
54806,0
18209,0
39002,0
36385,0
27123,0
35433,0
20704,0
24120,0
27663,0
22567,0
52040,0
27639,0
50724,0
20373,0
53610,0
26814,0
30018,0
35641,0
15817,0
52367,0
12364,0
48626,0
17483,0
17644,0
11336,0
26145,0
25077,0
37277,0
48672,0
41808,0
19729,0
28030,1
14979,0
25703,0
25238,0
49653,0
13466,0
18446,1
53435,0
10496,0
26272,0
28056,1
11879,0
29402,0
43260,0
13287,0
16901,0
53864,0
46856,0
39234,0
29013,1
31375,1
17844,1
31456,0
11941,0
28897,0
29259,0
50332,0
51931,0
52899,0
31990,0
31258,0
42653,0
24621,0
46192,0
42149,0
35504,0
30742,0
56049,0
50679,0
49234,0
23013,0
36497,0
52703,0
28176,0
42385,0
30919,0
38527,0
46130,0
44100,0
42038,0
26602,0
57014,0
17562,0
27992,0
39501,0
40613,1
10503,0
46636,0
44765,0
14482,0
40056,0
54069,0
18073,1
14473,0
39896,0
19322,0
20038,0
41072,0
21392,0
22109,1
40259,0
16931,0
27157,0
18929,1
33597,0
40341,0
34230,0
54416,0
10721,0
42549,0
15185,0
38750,0
20770,1
42679,1
15904,0
53223,0
15259,0
19289,0
29321,0
15634,0
32105,0
34482,0
33920,0
42367,0
21128,0
51291,0
41127,0
40178,0
31478,0
56833,0
16213,0
39793,0
51634,1
28471,0
19709,0
13979,0
54271,0
50914,0
50253,0
46809,0
13302,0
53116,0
33571,0
38155,0
14527,0
34768,1
54593,0
17934,0
56780,0
45868,0
36095,1
46048,0
28851,0
49389,0
15302,0
18414,0
26113,1
33735,0
21131,0
49594,0
23461,0
18146,0
31454,0
39241,0
15083,0
25350,1
57084,0
25235,0
21904,0
56463,0
31026,0
53652,0
24475,0
41837,0
47918,0
12338,0
24766,1
15570,0
24538,0
48804,1
29543,0
46821,1
32766,0
22298,0
34905,1
17262,0
27458,0
42380,0
56631,0
45278,0
34952,0
40950,0
48133,0
55343,0
35600,0
42670,0
54017,0
37605,0
40495,0
39550,0
40540,0
30156,0
30977,0
20026,0
47323,0
17434,0
31014,0
32691,0
39821,0
33792,0
21044,1
38040,0
37337,0
49526,0
46852,1
24430,0
18507,0
18621,0
39318,0
21229,1
33077,0
53752,0
12507,0
18250,0
40698,0
29022,0
25813,0
33928,0
40813,0
45043,0
45253,1
13609,0
14121,0
36817,0
45671,0
31206,0
18832,0
35820,0
56983,0
15561,0
18122,0
24292,0
46235,1
12225,0
46780,0
47414,0
20791,0
47324,0
23375,0
52149,0
11979,0
45622,0
19874,0
12809,0
25774,0
43996,0
30700,0
26260,0
27820,0
39106,0
13523,0
55637,0
18337,0
28614,0
30662,0
13661,0
13779,0
15093,0
19829,0
51947,0
14265,0
27591,0
38608,0
38281,0
26532,0
46121,1
30688,0
17330,0
25644,1
40304,0
54856,0
10653,0
38106,0
54636,0
19806,0
30913,0
23427,0
19805,0
32970,0
20861,0
46267,0
45272,0
40711,0
50235,1
26395,0
25917,0
22418,0
24433,0
25613,0
54215,0
10017,1
22535,0
49231,0
32732,0
40593,0
55231,0
17451,0
50115,0
19877,0
52223,0
55147,0
40952,0
42931,0
13176,0
35947,0
25320,0
12036,0
56901,0
47237,1
28989,0
22198,1
19398,0
35042,0
44826,0
24574,0
52141,0
19058,0
20512,0
44467,0
18362,0
15516,0
20506,0
27604,1
16043,0
16128,0
12111,1
11725,0
11166,0
18334,0
17919,0
54132,0
47422,1
48729,0
15002,0
16044,1
51002,0
31736,0
31018,0
37656,0
32850,0
21860,0
14732,0
47213,0
24748,0
42126,0
21104,1
47978,0
26619,0
17058,0
12060,0
42136,0
11348,0
50372,0
35785,0
31668,0
31943,0
31448,0
21669,1
17062,0
43218,0
42784,0
20179,0
16000,0
50626,1
55772,0
26913,0
53654,1
31320,0
33612,0
48689,0
15910,1
48982,0
22933,0
24283,1
40310,0
55740,1
55059,0
22582,1
18831,0
48214,0
35128,0
23160,1
50382,0
29389,0
16543,0
24804,0
55463,0
47893,1
28112,0
15505,0
31901,0
39487,0
48774,0
17199,0
43850,0
46693,0
45748,0
33976,0
32569,0
11393,0
22632,0
15569,0
34568,0
48881,0
32109,0
34445,0
38142,0
54959,0
53348,0
36219,0
13061,0
14903,0
14297,0
49904,0
28601,0
51519,0
12985,0
31475,0
19573,0
41622,0
41543,0
35479,0
41028,0
16545,0
35587,0
29065,0
56312,0
53725,0
43492,0
52452,0
22592,0
50514,1
44924,0
51714,0
11947,0
33131,0
24667,0
46470,0
15098,0
33076,0
51751,0
39085,0
53426,0
39780,1
52018,0
54339,1
35756,0
39209,1
22033,0
46606,0
33730,0
23861,0
34750,1
21036,0
31706,0
47219,0
38092,0
37488,1
56345,0
22994,0
23665,0
41849,1
31644,0
33864,0
11167,0
11278,0
56969,0
18241,0
17662,0
27476,0
17051,0
37984,0
10215,1
47588,0
27836,1
44263,0
52161,0
34945,0
22180,0
19221,0
50093,0
52393,0
54799,0
37757,0
39383,1
17548,0
43771,0
16207,0
27567,0
21629,0
27061,0
28355,1
33685,0
16632,0
50551,0
16964,0
19713,0
18680,0
39554,0
22066,1
23751,0
35009,1
33020,0
34853,0
41257,0
54244,0
23618,0
23435,0
24092,0
50648,0
35917,0
19179,0
52664,0
43136,0
56994,0
10444,0
10385,0
41838,0
50335,0
30162,0
31144,0
53334,0
32227,0
43387,0
56874,0
12658,0
31979,0
29213,0
31327,0
23397,1
37003,0
40364,0
28730,1
30747,0
39448,0
12519,1
44766,0
33424,0
18884,0
25989,0
49468,1
31253,0
32992,0
43925,0
18472,0
44168,0
51530,0
21533,0
28639,0
37103,0
52809,1
30810,0
28159,0
29291,0
26220,0
14468,0
24549,1
12490,0
24371,0
16861,0
53066,0
51308,0
53412,0
49734,0
35669,0
21958,0
18108,0
39406,0
34302,0
42348,0
33084,0
11952,0
30242,0
28340,0
32594,0
20424,0
22995,0
14880,0
52702,0
41756,0
53398,0
49180,0
44105,0
11682,0
14445,0
35881,0
18461,0
40766,1
19937,0
35702,0
26888,0
17922,1
15242,0
29671,0
23250,0
15229,0
38642,0
42956,0
30179,0
43349,0
33473,0
52138,0
31912,0
22795,0
50820,0
37159,0
46328,0
33807,0
52439,0
17172,0
27212,0
20474,0
27396,0
38618,0
36689,0
48439,0
49663,0
52226,0
48184,0
21476,1
10947,0
30981,0
14663,0
23648,0
21233,0
39691,0
46564,0
56837,0
43918,0
11009,0
41885,0
34501,0
55664,0
51292,0
55489,0
54073,0
45112,1
48831,0
27275,0
54855,0
15774,0
28013,0
11831,1
14174,0
23081,1
24721,0
44192,0
32061,0
49121,0
54798,0
46803,0
33592,0
35916,0
22573,1
36987,0
42561,0
12516,1
16779,0
19441,0
41208,0
53852,0
46251,0
33418,1
29709,0
37840,0
55993,1
26901,0
51713,0
27641,0
32372,0
52982,0
31423,0
28971,0
22759,0
34951,0
27860,0
29610,0
32963,1
12564,0
24225,0
41280,0
41047,0
19001,0
31104,0
13497,0
27241,0
30552,0
30237,0
22055,0
27926,0
32652,0
29197,0
13362,0
44185,0
27601,0
35760,0
25555,0
34999,0
18232,0
30603,0
48914,1
48991,0
16085,0
39932,0
49470,0
19725,0
11469,0
51108,0
31582,0
49633,0
23326,1
48491,0
26641,0
45218,0
53701,0
40828,0
13741,0
22111,0
56840,0
41547,0
54332,0
31940,0
32926,0
16374,0
13905,0
48118,0
32355,0
55060,0
45831,0
34396,0
19486,0
31250,1
22492,0
52224,0
41718,1
46058,0
46296,0
54381,0
36318,1
49263,0
37074,0
54753,1
24617,0
48318,0
49109,0
54994,1
31565,0
37095,0
51159,0
28449,0
56586,0
41491,0
46349,1
53156,0
40475,0
33301,0
25661,0
41671,0
12544,0
55797,0
47408,0
38451,0
13572,0
45019,0
34198,0
51307,0
39396,0
24712,0
10054,0
20846,0
22493,0
48282,0
35569,0
12562,0
19318,0
27261,0
25658,0
23676,0
13736,0
44237,0
16863,1
36263,0
19157,1
32895,0
43504,0
32381,0
54904,1
47787,0
54651,0
36979,0
34307,0
35781,0
18339,1
33183,1
48822,0
26936,0
40816,0
14797,0
17486,0
10638,0
21851,0
51998,0
18101,1
48683,0
19857,0
38648,0
11987,0
31596,0
15245,0
11309,0
39273,0
36172,0
36722,0
28800,0
40668,0
28518,0
40942,0
52436,1
26051,0
15847,0
25303,0
52734,0
32590,0
18526,0
17225,0
50315,0
49243,0
44604,0
31488,0
39084,0
44620,0
14548,0
49251,0
35096,0
13203,0
15222,0
42959,0
51064,0
30103,0
41975,1
49646,0
38505,0
46582,0
23769,0
23027,1
38914,0
43204,0
15167,0
39956,0
33492,0
53199,0
19971,0
42068,0
51808,0
41202,0
21842,0
56190,1
48748,1
56930,0
41426,0
20630,0
54347,1
51557,0
56412,0
44169,0
24221,0
15636,0
23183,0
48540,0
14354,0
38806,0
17500,0
26241,0
15654,0
13040,0
17147,1
21130,1
25732,0
16373,0
54478,0
36911,0
17161,0
42794,0
54079,0
54693,0
16554,0
18258,0
23903,0
29560,0
21469,0
16555,0
49081,0
45107,0
53177,0
38035,0
34045,0
46200,0
37118,0
34473,0
12652,1
24571,0
29526,0
32613,0
33594,0
17898,1
30423,1
46652,0
28970,1
29279,0
35834,0
38984,0
28109,0
46978,0
46967,1
16756,0
28873,0
41804,0
52670,0
38178,0
34741,0
40298,0
33129,1
29455,0
24773,1
44741,0
23155,0
50097,0
41574,0
45813,0
47527,1
36207,0
45723,0
24140,0
56074,1
43714,0
55804,1
43820,0
23570,0
45415,0
45943,0
40517,0
49150,0
48355,1
54432,0
44479,0
17906,0
46701,1
16488,0
39526,0
36131,0
14269,0
53960,0
10436,0
25135,0
19357,0
38003,0
41710,1
14698,1
23821,0
48231,0
33521,0
11417,0
12527,1
41457,0
10645,0
11688,0
47485,0
49876,0
32507,0
51667,0
56471,0
41220,0
48646,0
27439,0
34422,0
50976,0
55041,0
18825,0
53087,0
52047,0
21611,0
50277,0
35450,0
34938,0
30232,0
20448,0
48073,0
20981,0
55439,0
40242,0
56737,0
28236,0
35696,1
29867,0
32159,0
39453,1
34760,1
21311,0
24121,0
55704,0
29428,0
17661,0
46000,0
42711,1
45851,1
26601,0
39558,0
38933,0
33139,1
28430,0
15281,0
10322,1
40070,0
53258,0
31033,0
38130,0
45987,0
19347,0
32400,0
18244,1
51201,0
50185,0
10068,0
26729,0
26740,0
22621,0
48300,0
22587,0
35748,1
45978,0
42634,1
12241,0
31647,0
20144,1
11010,0
20213,0
18652,0
30989,0
45343,0
53705,1
31228,0
11450,0
56000,0
50633,0
20690,0
56904,0
48177,0
36304,1
21526,0
48967,0
11933,0
35988,0
29723,0
42768,1
27124,0
40167,0
35368,0
56294,0
10662,0
25361,0
21213,0
38371,0
56167,0
18826,0
17874,0
30405,0
11797,0
39545,0
30199,0
20601,0
47902,0
45441,1
17755,0
18501,0
41377,0
14448,0
51006,0
23416,1
30842,0
53366,0
31442,0
29655,0
34054,0
49394,0
48423,0
35970,1
23018,0
11170,0
56459,0
43121,0
20891,0
49666,0
27425,0
27063,0
52741,0
19023,0
38777,0
25905,1
26965,0
11568,0
51844,0
39269,0
47185,0
56224,0
22171,0
23951,0
26376,0
40856,0
41825,0
17637,0
38265,0
33692,0
10146,0
48631,0
17791,0
33366,0
23119,0
45086,0
48243,0
20289,0
44296,1
54955,0
14945,0
42265,0
26042,0
30442,0
34949,0
29027,0
47937,0
40261,0
40292,0
32387,0
51520,0
29090,0
42868,0
50846,0
11811,0
14963,0
41698,0
50607,0
50994,0
43352,0
39778,0
33709,0
13743,1
11103,0
18816,0
55593,0
44178,0
21877,0
41331,0
33027,0
18527,0
50581,1
49848,0
37758,0
43390,1
38831,0
25203,0
33555,0
38397,0
44880,0
54546,0
27901,0
22321,0
33153,0
17970,0
24093,0
24469,0
53905,0
55648,0
41424,0
19859,0
29407,0
24786,0
24056,0
42610,0
22292,0
38364,0
14078,0
29224,1
20240,0
12164,1
40697,0
27040,0
19404,0
42520,0
54737,0
48547,1
55420,0
32775,0
53981,1
35550,0
45246,0
22202,0
46152,0
46118,0
51288,0
25408,1
47980,0
45387,0
20471,0
50395,0
52680,0
19270,0
11992,1
32203,0
31072,0
27198,0
20523,0
12278,0
31522,0
17364,0
31970,0
32445,0
52076,0
41979,0
52157,0
24956,0
22688,0
56382,0
16595,0
51224,0
40763,0
41507,0
38045,0
44071,0
10764,0
32969,0
29678,0
24924,0
43221,0
32750,0
44279,1
53507,0
35268,0
26128,1
21522,0
40078,0
49564,0
32942,1
55155,1
21746,0
54583,0
53552,0
45729,0
47320,0
10180,0
33368,0
16528,0
53301,0
47632,0
10982,1
22591,0
30856,0
28220,0
11695,0
55257,0
21786,0
46239,0
52675,0
53718,0
29096,0
36129,0
22443,0
54419,0
19323,0
25963,0
47581,0
38280,0
54879,0
54233,0
31435,1
28075,0
25954,0
10537,0
28249,0
28020,0
34107,1
45709,0
56760,0
45619,0
47258,0
39578,0
10165,0
17704,0
49414,0
33212,0
44811,1
10174,0
19863,1
15582,0
28946,0
15180,0
44211,0
19330,1
20431,0
52842,0
22896,0
50053,0
25701,0
24976,0
46357,0
25264,0
29140,0
24587,1
26253,0
37905,1
31015,0
25166,0
19062,0
49444,0
27127,0
39099,0
43573,0
40302,0
35322,0
48854,0
33208,0
31909,0
46923,0
47314,0
17655,0
25591,0
17901,0
12403,0
14831,0
24096,0
43512,0
23394,0
19200,0
49264,0
51479,0
34059,0
35038,1
43654,0
22624,0
21411,0
18818,0
24118,0
27160,0
44066,0
42294,0
12560,0
21555,0
28905,0
11830,1
41787,0
27073,1
37205,0
25141,0
49402,0
14085,0
36545,1
51129,0
17450,1
38413,0
51425,0
34630,0
53848,0
41170,0
35238,0
49510,0
42672,0
11175,0
30723,0
10511,0
34872,0
55824,0
52814,0
34650,0
15791,0
37931,0
26644,0
30291,0
35900,0
43068,0
40843,0
43407,0
35407,0
10325,0
46650,0
32838,0
22721,0
42486,0
45169,0
43055,1
40840,0
23019,0
34970,0
42757,0
34351,1
15060,1
32046,0
39671,0
46313,0
34915,0
36364,0
14396,0
55729,0
27517,0
56231,0
13807,0
19780,0
39601,0
33373,0
52450,0
23324,0
32394,0
13469,1
34723,0
20859,0
14182,0
41064,0
16332,0
19752,0
11505,0
14891,0
37444,0
19607,0
28880,0
13804,0
52415,0
21990,0
55970,0
34481,0
51316,1
52969,0
11617,0
37209,1
31899,0
22937,0
55431,0
52145,1
19537,0
11650,0
45321,0
25455,1
34780,0
51323,0
15073,0
14795,0
48045,0
28053,0
11916,0
54865,0
46494,0
24012,0
15917,0
17710,0
12366,0
11508,0
17481,0
50777,0
23219,0
10136,1
23919,0
52914,0
27485,0
13467,0
16126,0
43616,1
40530,0
34567,0
48335,0
56214,0
41727,0
34886,0
47825,0
41905,1
10528,0
15097,0
43765,0
12073,0
15825,0
26291,0
16476,0
33860,0
23932,0
40868,0
15069,0
20628,0
41553,0
52053,0
27738,0
32075,0
19149,0
12849,0
16407,0
33510,0
31725,0
32493,0
38109,0
39348,0
16788,0
32055,0
36893,0
22474,0
48234,0
41093,0
21761,0
49923,0
25192,0
12219,0
13180,0
12951,0
47384,0
56677,0
26148,0
11960,0
11509,0
39974,0
28933,0
10315,1
51868,0
43010,0
41859,0
36758,0
32464,0
23600,0
43376,0
10293,0
29482,0
47704,0
54333,0
15857,0
28673,0
23674,0
50560,0
24222,1
15210,0
23221,0
28676,0
38164,0
10860,0
51446,0
24790,0
43023,0
33052,1
23391,0
49305,0
51637,0
18311,1
35131,0
33461,0
47595,0
23608,0
53164,0
34184,0
37991,0
23030,0
54414,0
24301,0
47693,0
12402,0
20105,0
25601,0
29517,0
38224,0
23054,0
34374,0
17041,0
37973,0
33894,0
12885,0
33664,0
33946,0
11150,0
35244,0
42728,0
31401,0
52854,0
23334,0
44954,0
33580,0
47942,0
38846,0
47309,0
27457,0
37357,0
52129,0
40172,0
17415,0
52602,0
32374,0
26776,0
13514,1
24444,0
30572,0
20902,0
30468,0
36598,0
38813,0
24360,0
41155,0
35349,0
35897,0
48223,1
40131,0
34827,1
33294,0
36533,0
42415,0
38727,0
34666,0
40421,0
35884,0
42677,0
54864,0
17859,0
20609,0
26677,0
30316,0
37411,0
21246,0
27152,0
11157,0
35625,0
25504,0
18913,0
12615,0
29562,0
12642,1
36180,0
43500,0
44342,1
38978,0
34335,0
17927,0
52453,0
15578,0
20210,0
47524,0
33905,0
21719,0
19785,0
20576,0
45529,0
33387,0
10779,0
42469,0
18891,0
30431,0
51594,1
29972,1
52194,0
26463,1
40388,0
40658,0
31003,0
14683,0
14493,0
51965,0
14180,0
14641,0
42592,0
37400,0
29423,0
36399,1
20294,0
19257,0
29026,0
16166,0
22120,0
25518,0
10681,0
40270,0
46312,0
33558,0
48373,0
22141,0
13894,1
47349,0
50547,0
14580,0
28454,0
48143,0
14754,0
32698,1
44340,0
41231,0
16608,0
51408,1
48186,0
45566,0
18396,0
18821,0
43079,0
21453,0
41327,0
15786,0
32210,0
22263,0
35011,1
36092,0
32823,0
24084,0
46149,1
44326,0
25297,0
48704,0
15797,0
40807,1
46761,0
38064,0
37259,0
18959,0
15944,0
32870,0
45254,0
47554,0
16449,0
19858,0
55779,0
54861,0
54570,0
41822,0
20319,0
43530,0
20918,0
46925,0
27253,0
50296,0
45743,0
20326,0
49341,1
22894,0
35733,0
19387,0
56761,1
30437,0
53311,0
18071,1
31734,0
13901,0
11708,0
17534,0
29640,0
45597,0
36601,0
37270,0
44197,1
37308,0
27837,0
10368,0
10611,0
47977,0
54968,0
12447,0
55100,0
26300,0
33762,0
18542,0
17144,0
44257,0
55698,0
18428,0
13646,0
29837,0
40312,0
33032,0
45697,0
35524,0
51458,0
36289,0
33525,0
51278,0
32939,0
52401,0
36663,0
44132,0
32997,0
48249,0
46345,0
51944,0
39413,0
52543,0
34296,0
47393,0
30728,0
17795,0
30886,0
51510,0
36793,0
28374,0
47521,0
35060,0
39686,0
29551,0
19319,0
38046,1
35546,0
18266,1
11433,0
29742,0
36842,0
21672,0
56079,0
43511,0
27764,0
32639,0
19568,1
32296,0
33512,0
17009,1
17742,0
12383,0
30565,0
43450,0
47770,0
44597,0
26164,0
46553,0
38070,0
31177,0
15960,0
56293,0
32136,0
44486,0
50272,0
38414,0
56747,0
49237,0
12482,0
19554,0
32282,0
14324,0
36403,0
54298,0
38124,1
53600,0
25121,0
50134,0
40122,1
31798,0
53050,0
55447,0
55780,1
32532,0
54166,1
23056,0
26852,0
34212,0
30834,0
13608,0
27378,0
45497,0
25004,0
29796,0
18090,0
40730,0
15896,0
18438,0
11652,0
42041,0
43146,0
32980,1
29067,0
44456,0
46885,0
24073,0
13093,0
54033,0
55276,1
32229,0
30835,0
30672,1
51815,1
28322,0
54906,0
48972,1
56813,0
24876,0
16444,0
46394,0
43135,0
49604,1
10840,0
41978,0
33320,0
49941,0
14323,0
56876,0
50466,0
24427,0
11964,0
34887,0
11672,1
41392,0
22907,0
13911,0
38360,0
21028,0
18512,0
54380,0
35147,0
52956,0
42111,0
28744,0
45592,0
31824,0
54524,0
13745,0
48396,0
52461,0
39788,0
10089,0
13001,0
21701,0
27994,0
11804,1
29664,1
13902,0
53448,0
54328,0
47096,1
39592,0
31128,0
36377,0
31521,0
35396,0
54394,0
12676,0
14286,0
41244,0
20848,0
21636,1
25581,0
16074,0
47211,0
27036,0
38949,0
48146,0
13183,0
39628,0
35576,0
38135,0
26215,0
39342,0
43335,0
17577,0
15254,0
22094,1
37697,0
32147,1
27562,1
47233,1
39431,0
33334,0
23786,0
29322,0
31637,0
57135,0
31946,0
31288,0
22150,1
51696,0
44286,0
17672,0
15121,0
41720,0
49609,0
18655,0
15592,1
20957,0
51618,0
41656,0
55133,0
13970,0
56777,0
53387,0
16111,0
31068,0
43090,0
55325,1
32359,0
38206,0
29445,1
16384,0
34562,0
28718,1
47574,0
48002,0
49349,0
52745,0
56882,0
34275,0
14690,1
39966,0
26154,0
40132,0
18811,0
15810,0
10563,0
25421,0
22653,0
33666,0
14197,1
35734,0
44794,0
35571,0
48484,0
35166,0
24236,0
42585,0
17171,0
56352,0
21668,0
22654,1
18444,0
48709,0
17357,0
18992,0
42844,0
21675,0
41276,0
56628,0
19233,0
27461,1
45191,0
25761,0
19418,0
44799,0
47433,0
34702,0
51146,0
53318,0
43000,0
29938,0
24097,0
29792,0
34874,0
18574,0
38098,0
38460,0
17189,0
56285,0
51774,1
37097,0
17917,0
42913,1
46506,0
22930,1
30258,0
19201,0
20646,0
24519,0
32066,0
38986,0
20087,0
35836,0
52629,0
12134,0
19099,0
27060,0
54462,0
37242,0
43794,1
46549,1
50070,0
26625,0
20719,0
51375,1
12606,0
52691,0
35681,0
23347,1
15641,0
16186,0
53118,0
27595,1
13156,0
53101,0
37870,0
35792,0
36085,0
35624,1
39892,0
35879,0
45585,0
56614,0
19296,0
17828,0
44941,0
22182,0
17461,0
47143,0
37853,0
30461,0
38948,0
42566,0
48518,0
43089,0
21240,0
33178,0
21913,0
25075,0
47201,0
29374,1
23292,1
55479,0
13735,0
50112,0
42334,0
39631,0
24458,0
44989,1
34529,0
47712,1
31914,0
45894,0
38675,0
30078,0
33319,1
15048,0
25540,0
18028,1
20479,0
36325,0
16732,0
37410,0
31712,0
49709,0
34742,0
35923,0
22677,0
38700,1
17072,0
38290,0
26033,0
26375,0
24341,0
18616,0
41160,0
53891,0
23497,0
25062,0
28845,0
23871,0
53239,0
10694,0
38146,0
35252,1
21323,1
31262,0
15657,0
28687,0
40262,0
41591,1
23811,0
26905,0
24682,0
41365,0
30351,1
18150,0
31880,0
40089,0
10829,0
12375,0
52072,1
48399,0
23589,0
52266,1
44601,0
16409,0
23290,1
13789,0
18872,0
36183,0
35776,0
42228,1
54838,0
11126,0
28027,0
51495,0
28629,0
38835,0
46633,0
33179,0
36347,0
47510,0
47053,0
24033,0
43595,0
23780,0
26363,1
12142,0
47802,0
15950,0
47346,0
13123,0
13019,0
43697,0
23036,0
40489,0
55922,0
51583,0
42321,0
22087,0
35584,0
51180,0
21744,0
23701,0
17608,0
28252,0
42143,0
42888,0
16359,1
28745,0
30583,0
26524,0
56220,1
47522,0
29441,0
13056,0
48020,0
51279,0
57118,0
39147,0
50188,0
31180,0
19245,0
42843,0
11971,1
55720,1
19246,1
33115,0
46365,0
24372,0
57099,0
18027,0
43445,0
25776,0
48265,0
15158,0
24610,0
54499,0
54985,1
53108,0
35055,0
11812,0
12808,0
41748,0
25087,0
13049,0
50017,0
53242,0
26138,0
28188,0
39461,0
12876,0
36902,0
21910,0
29118,0
31290,0
45833,0
14289,0
46699,0
37046,0
12520,1
51623,0
34557,0
56108,0
25061,0
20865,1
44730,0
24126,0
40768,0
44284,0
43924,0
46824,0
30997,0
15384,0
33676,0
13917,0
31425,0
52747,0
37946,0
44995,0
46998,0
40892,0
18240,0
17455,0
27529,0
55622,0
17994,0
44619,1
14882,1
42002,0
26739,0
38212,0
51277,0
26000,0
25008,0
56571,0
18340,0
46897,1
53420,0
49031,0
36556,1
18050,0
29387,1
17084,0
17252,0
38524,0
40775,0
10626,0
50771,1
43296,0
19177,0
33113,0
32064,0
37846,0
41393,0
24822,0
39593,0
46019,1
39584,0
29263,1
45565,0
40869,0
46685,1
56178,0
24990,1
56808,0
20845,0
30725,0
14951,0
22006,0
28306,0
46126,1
56299,0
44946,0
36252,1
40141,0
34594,1
42109,0
27285,0
16983,0
18463,0
37660,0
29172,0
35090,0
23341,0
18214,0
52598,0
23285,1
55330,0
24806,0
32544,0
38027,0
46364,0
29147,0
17729,0
40883,0
21351,1
44731,0
17115,0
29139,0
43032,0
48301,0
28387,0
44145,0
31772,0
41477,0
53526,0
53594,0
36045,0
51385,0
35014,1
30004,0
23336,0
20795,0
39743,0
55106,0
34820,0
54823,0
40115,0
43764,0
19779,0
17348,0
11395,0
50746,1
42052,0
12123,0
49531,0
38488,0
42622,0
39547,0
17983,0
33859,0
45854,0
51311,0
20776,0
15851,0
39232,0
20996,0
13454,0
18685,0
33147,0
46591,0
37178,0
42581,0
15409,0
38834,0
36001,0
14124,0
45841,0
33951,0
38653,0
10724,0
46473,0
44575,0
16139,1
50113,0
19885,0
45118,0
35152,0
26908,0
19743,0
47101,0
45637,0
56236,0
29595,0
16134,0
26086,0
45897,0
22776,0
32093,0
34646,0
36199,0
14833,0
23458,1
19522,0
49984,0
16252,0
31495,0
34509,0
55261,0
39922,0
10057,0
26679,1
36838,1
10493,0
15494,0
31549,0
21915,0
23404,0
55524,1
17888,0
13712,1
42357,1
28648,1
49539,0
42024,0
32517,1
43105,0
52077,0
23171,0
54970,0
49160,0
31077,0
15613,0
28273,1
22144,0
17281,0
33382,0
49769,0
29770,0
14523,0
20404,0
35266,0
40917,0
29143,0
34175,0
29959,0
52838,0
19112,0
21218,0
15669,0
46279,0
31158,0
25289,0
46682,1
16209,0
54299,0
55763,0
45973,0
30510,0
52824,1
53014,0
37526,0
56131,0
21708,0
51780,0
12011,1
53253,0
10229,0
47059,0
21172,0
41380,0
39546,0
41836,0
49661,0
50548,0
20267,0
33101,0
10238,0
37765,0
55290,1
27480,1
23141,0
10441,0
24355,0
10993,0
22889,0
41696,0
16136,0
11064,1
43596,0
14238,0
52139,0
39215,0
29784,0
12197,0
35572,0
13691,0
13256,0
13980,0
32756,0
12462,1
42754,1
28760,0
33826,0
56482,0
26984,0
47405,1
40845,0
27478,0
55862,0
35520,0
18735,0
45244,0
13727,0
44796,0
27317,0
36993,0
42700,0
35388,0
23717,0
45007,0
57111,1
21527,0
30621,0
55368,0
47720,0
18904,0
18039,0
33394,0
10372,1
37659,0
11599,0
48749,0
12632,1
12942,0
21426,0
17956,0
17424,0
13737,1
47707,0
54896,0
31109,0
25768,0
21622,0
44422,0
27687,0
44182,1
34657,0
34817,0
32666,0
15753,0
17207,0
52460,0
38312,0
40423,0
15285,0
55127,0
46727,0
38788,1
27852,0
27348,0
20660,0
22185,0
48642,0
23330,0
48890,0
26380,0
49749,0
14725,1
40294,0
29529,0
44550,1
24978,1
17327,0
28700,0
38733,1
19886,0
16855,1
16462,0
25173,0
53802,0
24215,1
18141,1
33438,0
16821,0
48888,0
25691,0
37062,0
43141,0
19964,0
17265,0
38058,1
32800,0
30581,0
23754,0
56792,0
43552,0
24138,0
24186,0
21731,0
20058,0
54493,0
14574,0
39122,0
39270,0
21871,0
16895,0
34838,0
18194,0
12485,0
22019,0
44318,0
45250,0
50563,1
20419,0
43640,0
55957,0
20321,0
42205,0
18324,0
18500,0
33607,0
56821,0
31284,0
15270,0
19452,0
15539,0
41842,0
28849,0
25088,1
39581,0
49123,0
37269,0
35556,0
12391,0
19733,0
49664,0
26198,1
36792,0
55670,0
11380,0
38326,0
53533,1
42897,0
30650,1
28022,0
49028,0
55879,0
51296,0
52590,1
21170,0
36372,0
31296,0
40100,0
26330,0
47948,0
12906,1
22730,0
35955,0
35110,0
13307,1
31210,0
25641,0
35417,0
14657,0
30377,0
41378,0
45447,0
22821,0
13449,0
48900,0
54727,0
34011,0
54011,0
46568,0
32240,0
52698,0
37050,0
40693,0
54389,1
22760,0
39261,1
35644,0
25422,0
16114,0
22848,0
26959,0
55397,0
29961,0
13136,0
34394,0
21452,0
45049,0
38207,0
22716,0
15674,1
49736,0
51854,0
49690,0
20963,0
13356,0
16853,0
26506,0
37617,0
51154,0
46666,1
18700,0
12792,0
27178,0
13530,0
50854,0
30870,0
51904,0
45467,0
47505,0
10520,1
29622,0
11842,0
44516,0
34404,0
26926,0
38467,0
43870,0
19527,0
27977,0
50991,0
55467,0
22091,0
19777,0
51908,0
55884,0
42389,0
20252,0
54116,0
10884,0
49038,0
29146,0
30440,0
19700,0
39642,0
52284,0
45726,0
30361,0
37848,0
50201,0
19639,0
19137,0
38735,0
12178,0
15431,0
18251,0
14906,0
25353,0
31661,0
23390,0
54115,1
22057,0
11241,0
49475,0
19628,0
32556,0
22444,0
36157,0
18591,0
26919,0
33271,0
41178,0
52926,1
32956,0
18788,0
56492,0
56629,0
22601,0
47175,0
27102,0
12612,0
52974,0
50748,0
18707,1
38318,0
32579,0
36475,0
55570,0
32821,0
33166,0
20272,0
19238,0
51747,1
45871,0
22400,1
56709,0
53056,0
52749,0
32172,0
47366,0
22381,0
49226,0
53104,0
39260,0
48564,0
16276,0
22596,0
21737,0
55586,0
12626,0
45580,0
32137,0
20642,0
56155,0
16942,0
21168,0
19190,0
25258,0
12010,0
17185,0
45661,0
22799,0
54768,0
13068,1
46516,0
11135,0
25204,0
33887,0
30515,0
38558,0
40720,0
54992,0
39013,1
22326,1
15230,0
50812,1
32618,0
14705,0
12052,0
50292,0
20228,0
13116,0
29494,0
33417,0
19429,0
11888,0
40313,0
56096,0
56123,0
38500,1
34020,1
24657,0
11805,0
47099,0
54640,1
41562,0
42832,0
23802,0
35537,0
31142,0
37210,0
43108,0
16062,0
25067,0
33034,0
46951,0
31453,0
30972,0
51986,0
10363,1
19114,1
47083,0
10487,0
37005,0
22846,0
28632,0
23921,1
18080,0
15249,0
16827,0
46626,0
15831,0
27865,0
26772,0
36583,0
39626,0
22084,0
52352,1
24095,0
26655,0
24007,0
57134,0
47203,1
38438,0
46114,0
31792,0
43222,1
37668,0
37492,0
19279,0
13048,0
56538,0
18560,0
55301,0
22465,0
25009,0
23015,0
38359,0
48511,0
32994,0
37651,0
40545,0
11200,0
22007,0
49421,0
26466,0
16130,0
31387,0
34157,0
48694,0
24630,0
55072,0
53037,0
43474,0
10409,0
38375,0
17089,0
36338,0
35714,0
36633,0
55946,0
55643,0
45213,1
49287,0
32593,0
47906,0
27690,1
43695,0
32830,0
55899,1
35784,0
17950,0
23437,0
11701,0
13398,0
28123,0
10172,0
53169,1
26626,0
32576,0
44654,0
33713,0
12469,0
40170,0
42079,0
17867,0
35092,0
20737,0
16333,0
33286,1
53335,0
21031,0
21195,0
54290,0
54941,0
49039,0
21077,0
56851,0
39123,0
12432,0
35966,0
44045,1
28952,0
21321,0
38841,0
47364,0
45765,0
34544,0
25163,0
23120,0
16550,0
16339,0
23533,1
24994,0
34582,0
12665,0
38635,0
40229,0
48575,0
42960,0
30429,0
49091,1
24394,0
26900,0
26017,0
43685,0
39761,0
51173,0
42663,0
11570,0
22175,0
10839,0
46904,0
50282,0
28148,0
16317,0
33527,0
49999,1
32577,0
49605,1
13046,0
22308,0
28733,0
52532,1
21689,0
29491,0
34846,0
40145,1
11763,0
56029,0
19835,0
33980,1
47383,0
50146,0
50259,0
36225,0
12925,0
19478,0
33239,0
38478,0
48925,0
17964,0
40216,0
57172,0
17736,0
45031,0
49430,0
49392,0
46940,0
15186,0
33306,0
21089,0
39622,0
30671,0
48778,0
39314,0
38194,0
18637,0
34309,1
33744,0
18369,0
30289,0
22882,0
24906,0
32130,0
30014,0
25195,0
30283,0
44175,0
28006,0
39433,0
23135,1
45742,0
19056,0
20961,0
32357,0
36161,0
37570,1
38239,0
41636,1
13971,0
25253,1
12865,0
50444,0
31194,0
46170,0
38260,0
16033,0
49728,0
14062,1
28606,0
29964,0
32189,0
52839,1
21781,1
49939,1
23990,0
24993,0
15610,0
15565,0
41536,0
43419,1
25612,1
38768,0
10955,0
52277,0
53246,0
17440,0
54922,0
44133,0
25915,0
29886,0
32405,0
52144,0
31771,1
35862,1
30505,0
11377,0
32712,0
48244,1
47166,0
16019,0
56205,0
23193,0
30658,0
25634,1
20115,0
21634,0
20940,0
45505,0
32614,0
55081,0
23807,0
45985,0
14855,0
43306,0
39823,1
44040,0
44827,0
50793,0
40406,1
37098,0
22787,0
45846,0
38833,0
44039,1
13718,0
47010,1
37939,0
10022,0
29077,0
56258,1
23612,0
21242,0
48869,0
49740,0
16929,0
15137,1
35827,0
16508,0
15930,0
50891,0
21337,0
11244,0
26859,0
45154,0
55376,0
46508,1
44346,0
36494,0
35427,0
49272,0
51092,0
54407,0
51411,0
49471,0
13654,0
20098,0
42471,0
43655,0
18497,0
33471,0
47625,0
53269,0
41924,0
21167,0
32779,0
47827,0
12376,0
35998,0
14760,0
21775,0
11026,0
38515,0
41018,0
55122,0
41788,0
22314,0
20945,0
25304,0
46676,0
43458,0
32095,0
17908,1
35813,0
40250,1
27417,0
22523,0
10463,0
13086,0
52238,0
15162,0
21975,0
21450,0
52429,0
32382,0
37862,0
54423,0
20733,1
10051,1
32791,0
35045,1
32539,0
57082,0
30648,0
24083,0
35491,0
37938,0
38338,0
24668,1
50797,0
35376,0
34566,0
18955,0
51888,0
37179,0
36568,1
52020,0
35250,0
55089,0
43605,0
45776,0
33584,0
47391,0
43140,0
24793,0
42370,0
27572,0
56839,0
37544,0
53649,0
51516,0
36196,0
52079,0
46122,0
21027,1
49454,0
17881,1
32518,0
46881,1
40358,0
41184,0
21308,0
28713,1
56741,0
25731,0
17088,1
17133,0
33732,1
53583,0
50799,0
15497,0
55997,0
23321,0
37061,0
27174,0
19821,0
47195,0
32157,1
50650,0
43428,0
38076,1
47667,0
42376,0
25646,0
15009,0
41082,0
50730,0
29665,0
53999,0
27793,0
28963,0
41156,0
22565,0
24494,0
34651,0
22217,0
55329,0
31241,0
26056,1
47628,0
56782,0
29271,0
55130,0
37174,0
26661,0
27768,0
10159,0
44404,0
20926,1
16976,0
52410,0
28348,0
16529,0
56721,0
23727,0
30293,0
39352,1
54356,0
12481,0
20467,0
38373,0
26545,1
39774,0
27327,0
22515,0
12803,0
54402,0
18309,0
37894,0
50431,0
23392,0
51371,0
30450,0
22008,0
55814,0
50484,0
44804,0
56559,0
35198,0
16120,0
25972,0
41446,0
24036,0
10091,0
56819,1
44426,0
48422,0
37246,1
52081,0
54382,0
28759,0
14175,0
45512,0
31619,0
14113,0
19198,0
32297,0
16164,1
41919,0
54421,0
33775,0
26734,0
10608,0
28962,0
52763,0
43532,0
34721,0
49380,1
23146,0
56542,0
13956,0
28136,0
16743,0
33216,0
17505,0
37683,1
43868,0
56228,0
14900,0
38891,0
44967,0
40736,0
36317,0
29164,0
49198,0
15684,0
53807,0
45760,0
19386,0
27818,0
55576,0
52275,0
54362,0
46952,1
33480,0
30821,0
11080,0
39527,0
51563,0
28091,0
29381,0
11648,0
21640,0
51924,0
34597,0
18607,0
49405,0
47826,1
36897,0
51082,0
45576,1
20920,0
30475,0
26934,0
18458,1
34786,0
30638,0
40108,0
55493,0
50936,0
16157,0
38661,0
56561,0
20353,0
46675,1
30227,0
53308,1
51995,0
47531,0
34534,0
22401,0
48246,0
48139,1
48590,0
34252,0
51147,0
24289,0
26930,0
56786,0
25804,0
28491,0
47744,0
14465,0
22342,0
47122,0
47971,0
53251,0
22964,0
32533,0
45041,0
48085,1
55120,0
11801,0
39871,1
21410,0
47735,0
53127,0
35095,0
28576,0
28195,0
49870,0
17743,0
47634,0
28762,0
18760,0
36193,0
56943,1
50166,0
29261,0
42991,0
29487,0
43326,0
46119,1
46446,0
10892,0
24317,0
12731,0
51143,0
43619,0
34978,1
13500,0
44762,1
34049,0
39649,1
45442,0
22156,0
19583,0
30144,0
15804,0
43278,0
13133,0
44518,1
30249,0
29371,1
36431,0
32223,0
29459,0
55451,0
53371,0
12162,0
48782,0
10755,0
43116,0
39012,0
14249,0
24465,0
38643,1
13726,0
50523,0
48237,0
27465,0
43314,0
50572,1
16430,0
30664,0
45403,0
51955,0
55154,0
55475,0
53330,0
26091,1
10946,0
32952,0
48329,0
49105,0
51835,0
33364,0
10032,0
17734,0
20040,0
39741,0
33137,1
17616,1
19247,0
23434,0
44631,0
38184,0
17538,0
40561,0
30426,1
14947,0
35224,0
13773,1
30550,0
31231,0
32238,0
36972,0
43561,0
31567,0
40994,0
43087,0
33122,0
18320,0
45099,0
10620,0
25357,0
46778,0
50816,0
41304,0
13007,1
46941,0
13645,0
51698,0
43320,0
48566,0
35779,0
31883,0
19928,0
30315,0
25405,1
10459,0
57051,1
28804,0
44181,0
18566,0
56307,0
36429,1
13486,1
53571,0
50040,0
34366,0
45710,0
55087,1
19285,0
26646,0
21200,0
34776,0
53867,0
43558,0
16163,0
27874,0
43999,0
37430,0
46680,0
47273,0
46091,0
56452,0
24642,0
25450,0
11427,0
22690,0
51932,0
49686,0
48290,0
44571,0
17995,0
37677,0
36883,0
51569,0
12226,1
33414,0
37716,0
15022,0
49895,0
42748,0
20689,1
33300,0
53820,0
42995,1
52154,0
26598,0
35165,0
49209,0
27302,1
12720,0
37995,0
32564,0
42763,0
39014,0
38306,0
27003,0
13989,0
24537,0
33886,1
55207,0
39952,0
30263,0
47488,0
36376,0
55680,0
25156,0
16405,0
29433,0
56139,0
14332,0
16921,0
23147,0
14385,0
16077,0
28498,0
18120,0
45979,0
11258,0
17858,0
56553,0
12170,0
56416,0
54030,0
35890,0
19747,0
14466,0
39591,0
29386,0
37439,0
48393,0
43388,0
25542,0
43118,0
32528,0
25412,0
14713,0
29284,0
40028,0
13585,1
16191,0
19854,0
38764,1
29887,0
33944,1
54261,0
12898,0
50756,0
41757,0
26418,0
47238,0
33081,0
54245,0
10104,1
28193,0
34869,1
34572,0
51846,0
16872,0
18276,0
18824,0
51798,0
17575,1
30326,0
18579,0
30768,1
18656,0
10766,0
21394,0
19380,0
21876,0
29506,0
45807,0
34878,0
11696,0
33152,0
28824,1
22638,0
42142,0
35365,0
36251,0
49916,0
29497,0
15587,0
45490,0
28415,0
35484,0
19314,0
53547,0
41345,0
39900,0
11604,1
43866,1
45408,0
35728,0
36454,0
11970,0
21529,0
49860,0
29755,0
28033,0
41589,0
21219,0
17991,0
23331,0
46475,0
26374,0
13109,1
10100,0
41894,0
55819,0
42654,0
16268,0
47804,0
18850,0
20030,0
51325,0
41168,0
15776,0
40708,0
20143,0
50244,0
31570,0
50591,0
48226,0
46858,0
32846,0
18841,0
45839,0
49824,1
12920,0
14701,0
17551,0
40253,0
28453,0
52035,0
38125,0
44887,0
47623,0
38104,1
55521,0
40535,0
10725,0
42207,0
16097,0
11731,1
28584,0
43707,1
38950,1
45929,0
34259,0
17055,0
42327,0
56344,0
22190,0
43742,0
56116,0
44663,0
23307,0
25805,0
53734,0
23483,0
22696,0
47348,0
24281,0
10983,0
49742,0
21268,0
20980,0
21076,0
43357,0
44546,1
28510,1
55532,0
56793,1
13245,0
24466,0
43852,0
28994,0
23474,0
20067,0
32125,0
15901,0
12725,0
25145,1
16104,0
10557,0
14024,0
28976,0
16056,0
48272,0
45989,0
22189,0
18253,0
15037,0
38797,0
49057,0
33893,0
55693,0
48499,0
14631,0
46370,0
37993,0
39419,1
51762,0
24761,0
25912,0
37498,0
37551,0
30508,0
42020,0
48021,1
40154,0
49514,1
48317,0
19076,0
50088,0
47392,0
20255,0
57054,0
40919,0
41321,0
28848,0
49826,0
47660,0
43002,0
35793,0
49138,1
38316,0
23070,0
35347,0
55952,0
22812,0
32627,1
37384,0
30005,1
36654,0
45103,0
15235,0
44231,0
56005,0
46870,0
42542,0
13641,1
15329,0
16342,0
55761,0
29173,0
23454,0
39639,0
54697,1
14590,0
38723,0
18618,0
16127,0
55673,0
57108,1
20126,0
14212,0
51138,1
11386,0
14187,1
37176,0
52080,0
39991,0
13510,0
25395,0
38474,0
33573,0
49897,0
26688,0
38664,1
20535,0
20766,0
51528,1
48572,0
49656,0
28143,0
44308,0
38081,0
10754,0
45263,0
42391,0
27930,0
22424,0
18288,0
31208,0
36867,0
46469,0
20672,0
16587,0
10192,1
54618,0
53539,0
26711,0
55575,0
18421,0
39354,0
24349,0
15998,0
17391,0
22030,1
56803,0
29745,0
13131,0
33714,0
47548,0
36099,0
24321,1
48125,0
27961,0
24992,0
29817,0
37702,0
28517,0
16822,1
44360,0
55068,0
43779,0
52505,0
16473,0
44199,0
31499,0
22300,0
37391,1
27220,1
15907,0
12044,0
29367,0
51534,1
40403,0
23216,1
10729,0
34286,0
51529,0
20583,0
38144,0
18271,0
10730,0
45106,0
12850,0
13559,0
54194,0
49648,0
25697,0
20854,0
38885,0
43173,0
52176,0
44907,0
38082,0
43867,1
11791,0
15233,0
54953,0
35646,0
26299,0
40569,0
50279,0
37052,0
23555,0
24819,0
52329,0
45662,1
48009,0
15571,0
48592,0
51341,0
54214,0
42770,0
15298,0
14971,0
29230,0
24967,0
24833,0
52592,0
47579,0
16830,0
53433,0
49463,0
39007,1
25448,0
55614,0
22010,0
20214,0
42085,0
41219,1
28854,0
33232,1
12444,0
57125,0
15750,0
52060,0
34920,0
27689,0
47244,1
29422,0
56526,0
54528,0
54071,0
42802,0
25442,0
20349,0
24593,0
53062,0
33599,1
53234,0
20948,0
45867,0
27161,0
40748,0
31021,0
31024,0
53824,0
37048,0
37373,0
35657,1
53188,0
43072,0
31186,0
45872,0
34600,1
29251,0
33362,0
48063,0
18187,0
47044,0
50476,0
29561,0
24585,0
31735,0
27565,1
20852,0
33719,1
16798,0
17896,0
35835,0
43510,0
31988,0
30358,0
47972,0
55892,0
14114,0
14045,0
17746,0
39787,0
12569,0
40634,1
16720,0
36039,1
39529,0
17475,0
43214,0
34695,0
11895,0
47230,0
56308,0
34055,0
36930,0
41048,0
48004,0
52831,0
20041,0
29685,0
22076,0
22450,0
31665,0
26352,0
40992,0
36881,0
17110,0
39589,0
30032,0
32848,1
30124,1
48706,0
48803,0
36574,0
55961,0
10026,0
46491,0
33380,1
13702,0
53874,0
39919,0
14345,0
37708,0
50772,0
56332,0
48604,1
17997,0
19184,0
43250,0
54886,0
54361,0
40203,0
39765,0
45228,0
31157,0
45665,0
30228,0
53584,0
31367,0
48287,0
16021,0
55565,0
16998,0
33800,1
14648,0
11308,0
48218,0
52665,0
12955,0
37496,0
42015,0
24319,0
52231,0
14176,0
23360,0
36470,1
44058,0
30470,0
28550,0
41088,1
25074,0
14295,0
16088,0
44859,0
32234,0
41554,1
47944,0
55436,0
47717,0
25966,0
20166,0
56396,0
28655,0
25772,0
20608,0
28349,0
10094,0
16351,0
15145,0
46261,1
22952,0
54989,1
13897,0
21457,0
15737,1
12897,0
35992,0
14689,0
53670,0
28145,0
45207,0
17008,0
21232,0
32651,0
30031,0
35911,0
40989,0
27347,0
52876,0
15092,0
30631,0
56558,0
20203,0
45057,0
13762,0
28024,1
17004,0
21641,0
43425,0
28003,0
52210,0
25292,0
55051,0
38166,0
52273,0
39410,0
23227,0
33331,0
11792,1
45998,0
16734,0
25095,0
19749,0
56984,1
35605,0
11002,0
15161,1
30933,0
43305,0
46644,0
27000,0
36894,0
12276,0
57083,0
20541,0
15075,0
55710,0
39632,0
35350,0
30097,0
28245,0
50219,0
22074,0
11606,0
13670,0
40264,0
53968,0
43787,1
54604,0
18937,0
43346,0
34698,0
14500,0
11526,0
28901,0
33085,0
55534,0
23387,1
49096,0
14193,0
14720,0
52973,0
44256,0
15363,0
53579,0
15014,0
11578,0
21245,0
53082,0
55770,1
41241,0
27880,0
40133,1
47967,0
30684,0
15477,1
47266,0
51157,0
13986,0
20070,0
21621,0
45069,0
19796,0
16183,0
28212,0
45301,1
15051,0
45229,0
42761,0
25027,0
44405,0
33616,0
19718,0
47439,0
31730,0
33532,0
40610,0
50191,0
33964,0
40238,0
19098,0
31485,0
12761,0
30385,0
22792,0
51011,0
48777,0
53092,0
47000,0
52427,0
21158,0
22543,0
42028,0
50661,0
10438,1
33797,0
33446,0
31646,0
38844,0
27025,0
28254,0
15957,0
56720,0
23175,0
22530,0
48621,1
28538,0
46385,0
23007,0
46109,0
19818,0
49638,0
18299,0
43158,1
48058,0
50414,0
23084,0
30811,0
22709,0
35293,0
17229,0
31266,0
47584,0
27245,0
19622,0
57148,0
50747,0
13115,0
16018,0
18529,0
34953,1
21578,0
52771,0
36915,1
41956,0
22160,0
48578,0
43798,0
56987,1
17083,1
22363,0
45620,0
16799,1
32225,0
55525,0
35707,0
32561,0
56511,0
42958,0
35671,0
52186,0
27470,0
14192,0
30478,0
46444,0
27949,0
18351,0
24452,0
14484,0
39519,0
10113,1
12356,0
43815,0
16253,0
39590,0
25446,0
47162,0
33690,0
25588,0
55387,0
47296,0
20664,0
20389,0
32419,0
31691,0
13435,0
51239,0
37266,0
21409,0
55617,0
19778,0
17422,0
28985,0
10331,0
32697,0
41665,0
25406,0
49125,0
34356,0
16415,0
23402,0
18322,0
21100,0
20933,0
36655,1
39863,0
21632,1
21315,0
12392,1
45935,0
44376,0
47519,0
30146,0
10786,0
41001,0
10407,0
29241,0
48901,0
24506,1
50584,0
26835,0
30992,0
46957,0
20825,1
39930,0
46585,0
56971,0
28390,0
11931,0
47738,0
35716,0
32098,1
51225,0
22880,0
30383,0
21750,0
11744,0
10391,0
11845,0
48474,0
40685,1
20053,0
26589,1
19393,0
35161,0
18538,0
16353,1
36237,0
44587,0
34673,0
21673,0
11497,0
41682,0
18014,1
11577,0
14127,0
22926,1
41403,0
23740,0
57105,0
10495,0
55963,0
15376,0
19298,0
42231,0
30761,0
16868,0
17613,0
33844,0
18648,0
45763,0
46716,0
51914,0
47234,0
37378,0
30077,0
19898,0
22783,0
52785,0
45157,0
10393,0
28680,0
10900,0
54688,1
53012,1
33039,0
23319,0
26025,0
45761,0
36966,0
49635,0
20621,0
23393,0
50003,0
19623,0
15860,0
57007,0
13568,0
38771,0
37418,0
36446,0
23372,0
50875,0
10060,0
43705,0
25919,0
44578,0
44189,0
31392,0
55955,0
16527,0
40214,0
13753,0
29237,0
44874,0
46254,0
10929,0
37847,0
30884,0
14358,0
30479,0
53331,0
16511,0
18350,0
36366,0
16694,0
27416,0
27092,0
15316,0
24710,0
31898,0
34010,0
10149,0
22463,0
29036,0
54502,0
25099,0
23053,1
11400,0
44347,0
17533,0
16911,0
44878,0
18899,1
28929,0
42838,0
44349,0
53336,0
19332,0
55294,0
38473,0
27548,0
10216,0
33655,0
42463,1
50269,0
17782,0
29918,0
17521,0
29879,0
16370,0
20914,1
15065,0
14082,0
45249,0
39407,0
45523,0
33141,0
36360,0
43183,0
36273,0
56895,0
39955,0
13592,0
35081,0
20302,0
55298,0
30054,0
16706,0
28771,0
31994,0
20501,0
20341,0
44842,0
35672,0
20202,0
31394,0
39663,0
51024,0
32283,0
36491,1
26136,0
14579,0
36665,0
54155,0
26105,0
28239,0
37023,0
46259,0
51113,0
40759,0
15011,0
53878,0
13352,0
18767,0
49472,0
48909,0
37531,0
50985,0
10469,0
55843,0
29127,0
40011,0
45564,0
22679,0
52113,0
38763,0
19351,1
24666,0
26192,0
19918,0
16750,0
11446,0
32936,0
33582,0
22164,0
38816,0
55716,0
55161,0
33015,0
37199,0
23475,0
42430,0
39865,0
48397,0
47904,0
53671,0
46402,0
15325,1
16110,0
50527,0
48962,0
27618,0
37580,0
55751,0
21715,0
37434,0
40702,0
24524,0
55119,0
12167,0
45970,0
10974,0
30560,1
11301,1
35604,0
33782,1
53155,0
33045,0
23725,0
49162,0
38622,0
14809,1
28822,0
26066,0
34372,0
14669,0
33155,0
42331,1
47303,0
22944,1
18081,0
21520,0
18822,1
13259,0
42638,0
14591,0
28050,0
31814,1
38381,0
49850,0
13537,0
29331,0
28872,0
20061,0
19800,0
35363,0
32753,0
44543,0
44254,1
41550,0
24544,1
42081,0
51188,0
45294,1
39748,0
50365,0
56867,0
36595,0
52469,0
38980,0
28461,0
46931,0
41524,0
36771,0
54729,0
25245,0
42494,0
51786,0
29814,0
56227,1
42790,0
43393,0
11264,1
23001,0
26012,0
17458,0
36167,0
27783,0
47596,0
31562,0
46399,0
22906,0
45616,0
26326,0
49253,0
38062,1
19968,0
27430,0
56931,0
10644,0
10090,0
10005,0
52156,0
23572,0
21349,1
38066,0
39384,0
22070,0
14904,0
34026,0
14935,0
39706,0
32036,0
37450,1
38824,0
12699,0
26611,0
33593,0
37635,1
16345,0
52239,0
18392,0
38537,0
45009,0
46602,0
38613,0
30567,1
57079,0
29358,0
55845,0
16553,0
40820,0
36948,0
51088,0
30079,0
19681,0
48378,0
45513,1
36204,0
48725,0
20297,1
28857,1
51559,1
12417,0
33640,0
44245,1
17772,1
15342,0
44898,1
48405,0
32466,0
21771,0
23617,1
46541,0
39857,0
22130,0
24975,0
23566,0
39898,0
29328,0
34581,0
32441,0
26799,0
49300,0
10682,1
39010,0
29480,0
30360,0
21284,0
49265,1
20659,0
11616,0
30120,0
50095,0
37737,0
17474,0
43139,0
30521,1
37382,0
11715,1
55796,0
43665,0
12881,0
50552,0
56585,0
43553,0
49140,0
41447,0
33180,0
52634,0
40799,0
26165,1
41802,0
32768,0
31057,0
40704,0
41988,1
41468,0
39452,0
49880,0
48635,0
49133,0
21040,0
42926,1
53117,0
47976,0
39541,0
23281,0
21819,0
46332,0
17070,0
12705,0
24801,0
48351,1
25808,0
21817,0
48460,0
26393,0
56928,0
38078,0
10278,0
26286,0
49976,1
11406,0
25568,0
24247,0
27268,0
47336,0
50540,0
20428,1
51394,0
48938,1
16770,0
48087,0
48998,0
53303,0
29503,0
40451,0
53809,0
23607,0
53456,0
17416,0
30702,0
18249,0
13925,0
35790,0
11279,1
50553,0
46740,0
24185,0
42178,0
31089,0
47172,0
34201,0
12092,0
42007,0
46247,1
38234,1
44553,0
32540,0
53368,0
21756,0
11238,0
15526,0
42211,0
21434,0
46509,0
56623,0
40599,0
22935,0
23536,0
16724,0
13420,0
26981,0
52631,0
44533,0
43715,0
44324,0
16569,0
11253,0
23906,0
37527,0
38906,0
36358,0
55945,0
36424,0
56408,0
33656,0
10523,0
29613,0
18807,0
55243,0
23374,1
30993,0
50411,0
23110,0
48113,0
54460,0
10641,0
45427,0
52798,0
56417,1
46783,0
36895,0
44997,1
34100,0
11653,0
47850,0
19185,0
55126,0
20180,0
42893,0
45416,0
28229,0
40017,0
52501,0
40890,0
32875,0
38073,0
26692,0
12717,0
29910,0
44436,0
11063,0
11156,0
54269,0
18465,0
36932,0
56609,0
31543,0
52056,0
37149,0
56149,0
29208,0
24330,0
52762,0
11975,0
10872,0
20465,0
54538,0
18227,1
32237,1
53597,0
41242,0
35959,0
39636,0
43081,0
47549,0
32976,0
13099,0
24927,0
40414,0
23069,0
11539,0
14865,0
48636,0
30848,0
36784,0
18207,0
14255,0
28930,0
41316,1
14210,0
23254,1
46015,1
20221,0
10473,0
27787,0
27186,1
39245,1
42146,1
20830,0
28074,0
31000,0
54458,0
31775,0
17167,1
22960,1
17283,0
32834,0
30434,1
10345,0
54013,0
29803,0
47722,0
18595,0
19819,0
24480,0
21788,1
52828,0
24554,1
32408,0
34574,0
21423,0
49865,0
40679,0
53309,0
18802,0
24022,0
32461,0
15880,1
43358,0
27483,0
45511,0
56137,0
13268,1
45364,1
53676,0
52187,0
55112,0
22918,0
22890,0
39724,0
43920,0
18107,0
54796,0
31029,0
38531,0
32836,0
45790,0
15272,0
37609,1
41607,1
33242,0
14456,0
46855,1
28473,0
21000,0
25709,0
47270,0
50688,0
25186,0
46007,0
12070,0
28625,0
51153,0
53894,0
20463,0
49061,0
10965,0
42386,0
35264,0
42531,1
39304,0
37713,0
56491,0
20924,1
26302,0
18058,0
36610,0
14008,0
35214,0
51863,0
21550,0
17843,0
46047,1
30966,0
55094,0
55838,0
45128,0
50658,0
11448,0
45683,0
55149,0
35419,0
14839,0
33263,0
30340,0
33252,0
15695,0
21679,1
50178,0
48117,1
46207,0
42411,0
49793,0
44746,0
41907,0
11047,0
28501,0
45900,0
32126,0
57152,0
30980,0
19395,0
39087,0
55984,0
39416,0
42673,0
14793,0
39216,0
34693,0
23420,0
46344,0
41983,0
25360,0
14364,0
24211,0
32133,1
40715,0
51885,0
37014,0
31374,0
44705,0
46191,0
47822,0
33529,0
41645,0
26314,0
49858,0
45691,0
37197,1
39917,0
52641,0
13882,0
22703,0
27855,0
11674,0
18774,0
28835,0
52037,0
33486,0
16413,1
55288,0
21857,0
54385,0
29106,0
20483,0
56024,1
32009,0
19463,0
40247,1
48951,1
13793,0
22602,0
56106,0
10384,0
46773,0
27169,1
27219,0
41673,0
10302,0
17851,0
14890,0
18259,0
48514,0
24337,1
15036,1
17468,0
25457,1
20182,0
50042,0
27800,0
47250,0
17073,0
33061,0
51027,0
44363,0
50163,0
33706,0
13966,0
37065,1
53710,0
39160,0
42172,0
20977,0
53458,0
37864,0
38743,0
18003,0
17204,1
57018,0
33902,0
56041,0
18731,0
51289,0
29448,0
52856,0
21110,0
10667,0
56543,0
50753,0
53421,0
10901,0
18837,0
15628,0
55903,1
54294,0
44051,0
11783,1
25514,0
32132,0
37613,1
19400,1
19703,0
28690,0
20477,0
17162,0
20020,0
48320,0
29195,0
34487,0
56941,0
19373,0
30580,0
55769,0
24609,0
45356,0
26445,0
18517,0
26787,0
19843,0
24670,0
27170,0
28529,0
16212,0
40491,0
11564,0
52626,0
52476,0
17076,1
12684,0
51035,1
15603,0
55140,0
56009,1
40710,0
43809,1
49345,0
10024,0
33850,0
31945,0
26552,0
27546,0
14835,0
26876,0
27344,0
45476,0
30754,0
31923,0
28084,0
23348,0
45702,0
25727,0
45966,0
30441,0
30058,0
